# v, ψ_hor 
0.0	0.0
0.1	0.0006770321759368095
0.2	0.0013788248917729375
0.3	0.002106071462517271
0.4	0.0028594635755358417
0.5	0.0036396894775629516
0.6	0.004447432049007911
0.7	0.005283366764621911
0.8	0.0061481595399649315
0.9	0.007042464463516802
1.0	0.007966921414702014
1.1	0.008922153568552475
1.2	0.009908764788207586
1.3	0.010927336906953914
1.4	0.011978426902025299
1.5	0.01306256396293393
1.6	0.014180246457660747
1.7	0.015331938800621194
1.8	0.016518068226917388
1.9	0.017739021478003988
2.0	0.018995141404521233
2.1	0.020286723492686187
2.2	0.021614012321277676
2.3	0.022977197956905334
2.4	0.024376412295904527
2.5	0.025811725361858284
2.6	0.027283141568396913
2.7	0.028790595957576753
2.8	0.030333950424778214
2.9	0.03191298994169074
3.0	0.03352741878956304
3.1	0.035176856815499716
3.2	0.03686083572514541
3.3	0.0385787954256573
3.4	0.04033008043338031
3.5	0.042113936361121804
3.6	0.04392950650038975
3.7	0.04577582851434743
3.8	0.047651831257628494
3.9	0.049556331739465984
4.0	0.05148803224687222
4.1	0.05344551764482168
4.2	0.05542725287055851
4.3	0.05743158063926419
4.4	0.059456719378350856
4.5	0.061500761407649054
4.6	0.06356167138266043
4.7	0.06563728501789613
4.8	0.06772530810710341
4.9	0.06982331585687597
5.0	0.07192875254979218
5.1	0.07403893155274606
5.2	0.07615103568565322
5.3	0.078262117965074
5.4	0.08036910273665125
5.5	0.08246878720947688
5.6	0.0845578434046743
5.7	0.0866328205295789
5.8	0.08869014778789779
5.9	0.0907261376351693
6.0	0.09273698948770086
6.1	0.09471879389194672
6.2	0.09666753716001951
6.3	0.09857910647565772
6.4	0.10044929547357594
6.5	0.1022738102936306
6.6	0.10404827610971638
6.7	0.10576824413169818
6.8	0.10742919907708252
6.9	0.1090265671073949
7.0	0.11055572422256997
7.1	0.11201200510484906
7.2	0.11339071240193287
7.3	0.11468712643730618
7.4	0.11589651533383898
7.5	0.11701414553492225
7.6	0.11803529270556866
7.7	0.11895525299406014
7.8	0.11976935463291342
7.9	0.12047296985611052
8.0	0.12106152710776973
8.1	0.12153052351568407
8.2	0.12187553760143403
8.3	0.12209224219712601
8.4	0.12217641753719842
8.5	0.12212396449220471
8.6	0.12193091790999032
8.7	0.12159346002830358
8.8	0.12110793392157519
8.9	0.12047085694335914
9.0	0.11967893412485574
9.1	0.11872907148889468
9.2	0.11761838923788946
9.3	0.11634423477347773
9.4	0.11490419550494761
9.5	0.11329611140301234
9.6	0.11151808725514316
9.7	0.10956850457840507
9.8	0.10744603314570798
9.9	0.10514964208140866
10.0	0.10267861048244008
10.1	0.10003253752152626
10.2	0.09721135198958679
10.3	0.09421532123511873
10.4	0.09104505945925016
10.5	0.08770153532614185
10.6	0.08418607884965783
10.7	0.08050038751856044
10.8	0.07664653162399325
10.9	0.07262695875475479
11.0	0.06844449742763785
11.1	0.06410235982214192
11.2	0.05960414359101911
11.3	0.0549538327203629
11.4	0.050155797415423184
11.5	0.04521479299087437
11.6	0.0401359577469355
11.7	0.034924809815590166
11.8	0.02958724296402561
11.9	0.024129521345485155
12.0	0.01855827319079828
12.1	0.012880483437069087
12.2	0.007103485293285562
12.3	0.0012349507459293967
12.4	-0.004717119988954508
12.5	-0.010744410057311485
12.6	-0.01683829858893738
12.7	-0.02298987433281962
12.8	-0.029189950285693357
12.9	-0.035429079290085784
13.0	-0.04169757057467347
13.1	-0.04798550720640681
13.2	-0.05428276442049949
13.3	-0.06057902879109749
13.4	-0.06686381820222814
13.5	-0.07312650257555176
13.6	-0.07935632530836806
13.7	-0.08554242537248341
13.8	-0.09167386002173977
13.9	-0.09773962805339603
14.0	-0.10372869356604214
14.1	-0.1096300101544514
14.2	-0.11543254547957565
14.3	-0.1211253061499642
14.4	-0.12669736284909466
14.5	-0.13213787564153218
14.6	-0.1374361193894615
14.7	-0.14258150921001517
14.8	-0.1475636259028646
14.9	-0.1523722412768242
15.0	-0.15699734330382192
15.1	-0.1614291610282798
15.2	-0.16565818916001068
15.3	-0.16967521227895493
15.4	-0.17347132858058617
15.5	-0.17703797309157826
15.6	-0.18036694028622707
15.7	-0.18345040603544777
15.8	-0.1862809488215042
15.9	-0.1888515701534414
16.0	-0.19115571411998095
16.1	-0.1931872860189046
16.2	-0.1949406700042124
16.3	-0.196410745694986
16.4	-0.19759290369259191
16.5	-0.19848305995589038
16.6	-0.19907766898720453
16.7	-0.19937373578516188
16.8	-0.19936882652397497
16.9	-0.19906107792236677
17.0	-0.19844920526911497
17.1	-0.1975325090760584
17.2	-0.19631088033343896
17.3	-0.19478480434647655
17.4	-0.19295536313634526
17.5	-0.19082423639285623
17.6	-0.1883937009705065
17.7	-0.18566662892385194
17.8	-0.1826464840825049
17.9	-0.1793373171704023
18.0	-0.17574375947834647
18.1	-0.1718710151030896
18.2	-0.1677248517705497
18.3	-0.16331159026491132
18.4	-0.15863809248951782
18.5	-0.15371174818954286
18.6	-0.14854046037030483
18.7	-0.14313262944901212
18.8	-0.13749713618136544
18.9	-0.13164332340803803
19.0	-0.1255809766694828
19.1	-0.11932030374071723
19.2	-0.1128719131408743
19.3	-0.10624679167513884
19.4	-0.09945628106942606
19.5	-0.09251205376062055
19.6	-0.08542608790749673
19.7	-0.07821064168949055
19.8	-0.0708782269623549
19.9	-0.06344158234130187
20.0	-0.05591364578366828
20.1	-0.048307526744231694
20.2	-0.040636477977253394
20.3	-0.03291386705996879
20.4	-0.02515314771267199
20.5	-0.017367830990737645
20.6	-0.00957145642386624
20.7	-0.0017775631775630923
20.8	0.006000338688683826
20.9	0.013748796792774881
21.0	0.021454444758160426
21.1	0.02910403022722642
21.2	0.03668444248972212
21.3	0.044182739657667405
21.4	0.05158617531999006
21.5	0.05888222461211044
21.6	0.06605860963789431
21.7	0.07310332418371099
21.8	0.08000465766686618
21.9	0.08675121826330282
22.0	0.0933319551622919
22.1	0.09973617989872555
22.2	0.10595358671667568
22.3	0.11197427192103485
22.4	0.11778875217728443
22.5	0.12338798172272977
22.6	0.12876336845598294
22.7	0.13390678887483828
22.8	0.13881060183627306
22.9	0.1434676611156883
23.0	0.1478713267462012
23.1	0.15201547512219124
23.2	0.15589450785497397
23.3	0.1595033593718915
23.4	0.1628375032537133
23.5	0.16589295730859152
23.6	0.16866628738434233
23.7	0.17115460992407136
23.8	0.17335559327353992
23.9	0.17526745775180172
24.0	0.17688897449982346
24.1	0.1782194631247642
24.2	0.1792587881606025
24.3	0.18000735436849954
24.4	0.18046610090310655
24.5	0.18063649437346804
24.6	0.18052052082976847
24.7	0.18012067670931728
24.8	0.17943995877747557
24.9	0.1784818531011829
25.0	0.17725032309464475
25.1	0.1757497966784983
25.2	0.17398515259531624
25.3	0.17196170592580204
25.4	0.16968519285123787
25.5	0.16716175470895675
25.6	0.164397921388497
25.7	0.1614005941170051
25.8	0.1581770276830429
25.9	0.15473481214852677
26.0	0.15108185409889266
26.1	0.1472263574817718
26.2	0.14317680408458802
26.3	0.13894193370138228
26.4	0.13453072403905278
26.5	0.12995237041277016
26.6	0.125216265279993
26.7	0.12033197766183071
26.8	0.11530923249987154
26.9	0.11015788999576395
27.0	0.10488792497995689
27.1	0.09950940635494221
27.2	0.09403247665727582
27.3	0.08846733178143418
27.4	0.08282420090729675
27.5	0.07711332667164528
27.6	0.07134494562269572
27.7	0.06552926899512962
27.8	0.05967646384153924
27.9	0.05379663455463385
28.0	0.04789980481281925
28.1	0.04199589998014483
28.2	0.03609472998979013
28.3	0.0302059727385858
28.4	0.024339158018195722
28.5	0.01850365200681771
28.6	0.012708642343464444
28.7	0.006963123805002039
28.8	0.0012758846043354442
28.9	-0.004344506673710106
29.0	-0.009889713484064411
29.1	-0.015351643067721018
29.2	-0.020722457521542257
29.3	-0.025994584182153804
29.4	-0.031160725316328675
29.5	-0.03621386711190723
29.6	-0.041147287964996684
29.7	-0.04595456606087049
29.8	-0.05062958624754536
29.9	-0.055166546202588165
30.0	-0.059559961895226346
30.1	-0.06380467234731871
30.2	-0.06789584369810239
30.3	-0.07182897257909324
30.4	-0.07559988880674376
30.5	-0.07920475740176305
30.6	-0.08264007994521247
30.7	-0.08590269528261699
30.8	-0.08898977958842355
30.9	-0.09189884580418309
31.0	-0.0946277424647817
31.1	-0.09717465192797844
31.2	-0.09953808802332256
31.3	-0.1017168931373704
31.4	-0.10371023475278843
31.5	-0.1055176014596392
31.6	-0.10713879845776356
31.7	-0.10857394256969502
31.8	-0.10982345678407915
31.9	-0.11088806434996028
32.0	-0.11176878244273461
32.1	-0.11246691542287288
32.2	-0.11298404770876783
32.3	-0.11332203628533624
32.4	-0.11348300287013138
32.5	-0.11346932575887461
32.6	-0.11328363137235872
32.7	-0.11292878552673821
32.8	-0.11240788444917796
32.9	-0.11172424556077362
33.0	-0.11088139804856087
33.1	-0.10988307324828775
33.2	-0.10873319485942404
33.3	-0.1074358690136902
33.4	-0.10599537421811031
33.5	-0.10441615119332813
33.6	-0.10270279262754915
33.7	-0.10086003286624291
33.8	-0.09889273755719549
33.9	-0.09680589327025309
34.0	-0.09460459711056357
34.1	-0.09229404634374817
34.2	-0.08987952805085256
34.3	-0.08736640883059295
34.4	-0.08476012456574683
34.5	-0.08206617027009679
34.6	-0.07929009003177047
34.7	-0.07643746706826891
34.8	-0.07351391390788894
34.9	-0.07052506271170142
35.0	-0.06747655574959463
35.1	-0.06437403604340128
35.2	-0.06122313818940209
35.3	-0.05802947937198502
35.4	-0.05479865057958333
35.5	-0.05153620803342049
35.6	-0.04824766483896842
35.7	-0.04493848286939141
35.8	-0.04161406488966732
35.9	-0.03827974692944409
36.0	-0.034940790912082964
36.1	-0.03160237754672414
36.2	-0.02826959948963015
36.3	-0.024947454780442496
36.4	-0.0216408405584115
36.5	-0.018354547063074093
36.6	-0.015093251923270934
36.7	-0.011861514737834221
36.8	-0.008663771950729773
36.9	-0.005504332022872267
37.0	-0.002387370902288209
37.1	0.0006830722061741566
37.2	0.00370309877098126
37.3	0.006668954563714729
37.4	0.009577032988907806
37.5	0.012423878114714421
37.6	0.015206187405709375
37.7	0.017920814159559
37.8	0.02056476964970867
37.9	0.023135224976711017
38.0	0.02562951263116998
38.1	0.02804512777170595
38.2	0.030379729221712292
38.3	0.03263114018902802
38.4	0.03479734871302506
38.5	0.03687650784390292
38.6	0.0388669355593404
38.7	0.04076711442392417
38.8	0.042575690997079335
38.9	0.044291474995485164
39.0	0.045913438216229036
39.1	0.04744071322716617
39.2	0.0488725918312079
39.3	0.05020852331143685
39.4	0.05144811246417941
39.5	0.05259111742730205
39.6	0.05363744731118217
39.7	0.05458715963996179
39.8	0.05544045761080753
39.9	0.05619768717901555
40.0	0.05685933397692765
40.1	0.05742602007468765
40.2	0.05789850059096234
40.3	0.05827766016179302
40.4	0.058564509275823254
40.5	0.05876018048413355
40.6	0.058865924492998586
40.7	0.05888310614781767
40.8	0.058813200316543815
40.9	0.05865778768084752
41.0	0.05841855044327676
41.1	0.058097267958601165
41.2	0.05769581229750034
41.3	0.057216143750675824
41.4	0.05666030628140603
41.5	0.05603042293446292
41.6	0.05532869120924669
41.7	0.0545573784048567
41.8	0.053718816944727965
41.9	0.052815399688324056
42.0	0.05184957523727352
42.1	0.050823843243166925
42.2	0.04974074972410224
42.3	0.048602882396927456
42.4	0.047412866031926085
42.5	0.046173357836577056
42.6	0.04488704287479803
42.7	0.04355662952794836
42.8	0.04218484500363307
42.9	0.04077443089820532
43.0	0.0393281388186333
43.1	0.037848726069230995
43.2	0.03633895140851468
43.3	0.03480157088126257
43.4	0.033239333730647
43.5	0.03165497839507126
43.6	0.030051228594150027
43.7	0.028430789508046332
43.8	0.026796344054159052
43.9	0.025150549264925354
44.0	0.02349603277028723
44.1	0.021835389388149634
44.2	0.020171177825926506
44.3	0.018505917496053764
44.4	0.016842085448105507
44.5	0.015182113419963585
44.6	0.013528385010227604
44.7	0.01188323297384299
44.8	0.010248936642726175
44.9	0.008627719472912496
45.0	0.007021746719562672
45.1	0.005433123240924639
45.2	0.0038638914321711283
45.3	0.0023160292897743467
45.4	0.000791448606923901
45.5	-0.0007080066997517162
45.6	-0.0021805621320632722
45.7	-0.0036245140208809833
45.8	-0.005038230805774214
45.9	-0.0064201541841958105
46.0	-0.007768800130876541
46.1	-0.009082759788299779
46.2	-0.010360700229287548
46.3	-0.011601365092897303
46.4	-0.01280357509501847
46.5	-0.013966228415170544
46.6	-0.015088300961227015
46.7	-0.016168846513849873
46.8	-0.017206996752659808
46.9	-0.01820196116622635
47.0	-0.019153026848146456
47.1	-0.020059558181567815
47.2	-0.02092099641467093
47.3	-0.021736859129714608
47.4	-0.022506739608357862
47.5	-0.023230306096090555
47.6	-0.02390730096869419
47.7	-0.02453753980373125
47.8	-0.025120910360179077
47.9	-0.02565737146936272
48.0	-0.026146951840446374
48.1	-0.02658974878379438
48.2	-0.026985926855571073
48.3	-0.027335716427018066
48.4	-0.027639412181877328
48.5	-0.027897371545480932
48.6	-0.028110013049070817
48.7	-0.028277814632919233
48.8	-0.028401311891870146
48.9	-0.02848109626695116
49.0	-0.028517813186654382
49.1	-0.02851216016157892
49.2	-0.02846488483606803
49.3	-0.028376783000501303
49.4	-0.02824869656787562
49.5	-0.028081511518303424
49.6	-0.027876155815051613
49.7	-0.02763359729569015
49.8	-0.027354841541921193
49.9	-0.02704092973160195
50.0	-0.026692936476466034
50.1	-0.02631196764896622
50.2	-0.025899158201661276
50.3	-0.025455669982474602
50.4	-0.024982689549129806
50.5	-0.0244814259859987
50.6	-0.02395310872653568
50.7	-0.02339898538439776
50.8	-0.02282031959630766
50.9	-0.022218388879604725
51.0	-0.021594482507401622
51.1	-0.020949899404135514
51.2	-0.020285946064267073
51.3	-0.019603934496774132
51.4	-0.018905180197986513
51.5	-0.018191000155278657
51.6	-0.017462710883957306
51.7	-0.016721626499689564
51.8	-0.015969056828630243
51.9	-0.015206305557388035
52.0	-0.014434668424826783
52.1	-0.013655431457616173
52.2	-0.012869869251345742
52.3	-0.012079243298927803
52.4	-0.01128480036789297
52.5	-0.01048777092809031
52.6	-0.009689367631227234
52.7	-0.008890783843528934
52.8	-0.008093192232761264
52.9	-0.007297743410698585
53.0	-0.006505564632055696
53.1	-0.005717758550802229
53.2	-0.004935402034639149
53.3	-0.004159545038370728
53.4	-0.0033912095367658168
53.5	-0.0026313885174165264
53.6	-0.0018810450340150603
53.7	-0.0011411113203620574
53.8	-0.00041248796531914575
53.9	0.0003039568511560679
54.0	0.0010073880608476187
54.1	0.0016970043490695682
54.2	0.00237203873553356
54.3	0.0030317590945217743
54.4	0.003675468614680536
54.5	0.0043025061988463025
54.6	0.004912246804359441
54.7	0.005504101724441685
54.8	0.006077518811261422
54.9	0.006631982641395129
55.0	0.007167014624467791
55.1	0.007682173055815573
55.2	0.008177053114096545
55.3	0.008651286804817509
55.4	0.009104542850825351
55.5	0.009536526530872336
55.6	0.00994697946738924
55.7	0.010335679364713524
55.8	0.0107024396989953
55.9	0.011047109361130939
56.0	0.011369572254049791
56.1	0.011669746845775557
56.2	0.011947585679689145
56.3	0.012203074843464865
56.4	0.012436233398215894
56.5	0.012647112769369938
56.6	0.012835796100842338
56.7	0.013002397574121125
56.8	0.013147061693873517
56.9	0.01326996254171924
57.0	0.013371302999820926
57.1	0.013451313945972352
57.2	0.01351025342186363
57.3	0.013548405776226255
57.4	0.013566080784544007
57.5	0.013563612747049026
57.6	0.013541359566702896
57.7	0.013499701808871625
57.8	0.01343904174439024
57.9	0.013359802377718732
58.0	0.013262426461887303
58.1	0.013147375501878403
58.2	0.013015128748150797
58.3	0.012866182181920413
58.4	0.01270104749384602
58.5	0.012520251057743455
58.6	0.01232433290089046
58.7	0.012113845672525169
58.8	0.011889353612052
58.9	0.011651431518499707
59.0	0.011400663722693515
59.1	0.01113764306361346
59.2	0.010862969870363429
59.3	0.010577250951142666
59.4	0.010281098590571408
59.5	0.009975129556701639
59.6	0.009659964118983119
59.7	0.009336225078448761
59.8	0.00900453681130092
59.9	0.008665524327075404
60.0	0.008319812342515725
60.1	0.007968024372210933
60.2	0.007610781837048658
60.3	0.007248703191480037
60.4	0.006882403070521934
60.5	0.006512491457419365
60.6	0.006139572872804524
60.7	0.0057642455861683616
60.8	0.005387100850407627
60.9	0.005008722160149792
61.0	0.004629684534535402
61.1	0.004250553825066443
61.2	0.003871886049092388
61.3	0.003494226749462205
61.4	0.003118110380812499
61.5	0.0027440597229207186
61.6	0.0023725853215044003
61.7	0.0020041849568078014
61.8	0.0016393431402468898
61.9	0.001278530639368995
62.0	0.0009222040313139171
62.1	0.0005708052849343213
62.2	0.0002247613716691912
62.3	-0.00011551609474943015
62.4	-0.0004496311897616678
62.5	-0.0007772039806232488
62.6	-0.0010978708002962578
62.7	-0.001411284492699396
62.8	-0.0017171146294616378
62.9	-0.002015047698364359
63.0	-0.0023047872636978812
63.1	-0.0025860540987925475
63.2	-0.002858586291020199
63.3	-0.003122139319606811
63.4	-0.0033764861066057205
63.5	-0.0036214170414517735
63.6	-0.003856739979513562
63.7	-0.004082280215105107
63.8	-0.004297880429451383
63.9	-0.004503400614127339
64.0	-0.004698717970517805
64.1	-0.004883726785854583
64.2	-0.005058338286443873
64.3	-0.0052224804686968294
64.4	-0.005376097908588185
64.5	-0.005519151550228791
64.6	-0.005651618474203318
64.7	-0.005773491646390475
64.8	-0.00588477964796746
64.9	-0.005985506387329476
65.0	-0.006075710794661659
65.1	-0.006155446499924497
65.2	-0.006224781495005363
65.3	-0.006283797780831599
65.4	-0.006332591000191882
65.5	-0.00637127005709092
65.6	-0.0063999567234222735
65.7	-0.006418785233738529
65.8	-0.006427901868956793
65.9	-0.006427464529770279
66.0	-0.006417642300598199
66.1	-0.006398615004872505
66.2	-0.006370572752447329
66.3	-0.006333715479961446
66.4	-0.006288252484932739
66.5	-0.006234401954380035
66.6	-0.006172390488759852
66.7	-0.0061024526220034075
66.8	-0.0060248303384180645
66.9	-0.00593977258721214
67.0	-0.005847534795415258
67.1	-0.005748378379901937
67.2	-0.005642570259293009
67.3	-0.005530382366404055
67.4	-0.005412091161980031
67.5	-0.0052879771503926785
67.6	-0.005158324397969453
67.7	-0.005023420054625083
67.8	-0.0048835538794258695
67.9	-0.004739017770717039
68.0	-0.004590105301425645
68.1	-0.004437111260115067
68.2	-0.004280331198366073
68.3	-0.0041200609850566075
68.4	-0.003956596368027524
68.5	-0.0037902325436850928
68.6	-0.00362126373500787
68.7	-0.003449982778444436
68.8	-0.0032766807201222983
68.9	-0.0031016464218292096
69.0	-0.002925166177144225
69.1	-0.002747523338112296
69.2	-0.0025689979528217294
69.3	-0.0023898664142191686
69.4	-0.0022104011204863417
69.5	-0.002030870147257149
69.6	-0.001851536931958041
69.7	-0.0016726599705155234
69.8	-0.0014944925266566719
69.9	-0.0013172823540006247
70.0	-0.001141271431134968
70.1	-0.000966695709816952
70.2	-0.0007937848764511782
70.3	-0.000622762126954664
70.4	-0.0004538439550980818
70.5	-0.00028723995439850717
70.6	-0.0001231526336121518
70.7	3.822275414017186e-5
70.8	0.00019669836860779403
70.9	0.00035209392601721315
71.0	0.000504236829080355
71.1	0.0006529622834501829
71.2	0.0007981134007076439
71.3	0.0009395412879430469
71.4	0.0010771051240645428
71.5	0.0012106722229313918
71.6	0.0013401180834722724
71.7	0.0014653264269387125
71.8	0.0015861892214591015
71.9	0.0017026066940991568
72.0	0.0018144873306089925
72.1	0.0019217478630990756
72.2	0.0020243132458568755
72.3	0.0021221166195684775
72.4	0.00221509926417208
72.5	0.0023032105406633405
72.6	0.0023864078220732768
72.7	0.002464656413963173
72.8	0.002537929464713147
72.9	0.0026062078659072887
73.0	0.002669480143169757
73.1	0.0027277423377465877
73.2	0.002780997879184524
73.3	0.0028292574494650476
73.4	0.0028725388389139973
73.5	0.002910866794270866
73.6	0.0029442728592612567
73.7	0.002972795208050575
73.8	0.002996478471942616
73.9	0.003015373559693658
74.0	0.003029537471832203
74.1	0.00303903310934661
74.2	0.0030439290771306954
74.3	0.0030442994825604034
74.4	0.00304022372959732
74.5	0.0030317863087792885
74.6	0.003019076583499735
74.7	0.003002188572939462
74.8	0.002981220732036604
74.9	0.0029562757288665027
75.0	0.002927460219803626
75.1	0.002894884622834634
75.2	0.0028586628893933594
75.3	0.0028189122750706215
75.4	0.002775753109553733
75.5	0.0027293085661551975
75.6	0.0026797044312749777
75.7	0.0026270688741227705
75.8	0.00257153221704657
75.9	0.0025132267067958726
76.0	0.0024522862870222247
76.1	0.0023888463723388776
76.2	0.0023230436242559676
76.3	0.002255015729255581
76.4	0.0021849011793245968
76.5	0.0021128390552035943
76.6	0.0020389688126378697
76.7	0.0019634300718675197
76.8	0.0018863624106347633
76.9	0.0018079051609354705
77.0	0.001728197209737597
77.1	0.0016473768039125675
77.2	0.0015655813595696945
77.3	0.0014829472759977404
77.4	0.001399609754424862
77.5	0.0013157026217424411
77.6	0.001231358159398092
77.7	0.0011467069375930515
77.8	0.0010618776549410928
77.9	0.0009769969837338352
78.0	0.0008921894209230781
78.1	0.0008075771449561398
78.2	0.0007232798785563711
78.3	0.0006394147575444604
78.4	0.0005560962058033766
78.5	0.000473435816430396
78.6	0.0003915422391727915
78.7	0.0003105210741732819
78.8	0.00023047477208782262
78.9	0.00015150254060287608
79.0	7.370025736314053e-5
79.1	-2.8396106547714202e-6
79.2	-7.802808133212764e-5
79.3	-0.00015177972517764108
79.4	-0.00022401272665845015
79.5	-0.0002946489391618992
79.6	-0.0003636139335867768
79.7	-0.00043083704061445917
79.8	-0.0004962513867282925
79.9	-0.0005597939240105578
80.0	-0.0006214054538130373
80.1	-0.0006810306443578588
80.2	-0.0007386180423557863
80.3	-0.0007941200787368321
80.4	-0.0008474930685852023
80.5	-0.0008986972053853981
80.6	-0.0009476965496831861
80.7	-0.0009944590122877045
80.8	-0.0010389563321375713
80.9	-0.0010811640489456495
81.0	-0.0011210614707722482
81.1	-0.0011586316366567226
81.2	-0.0011938612744517981
81.3	-0.001226740754015508
81.4	-0.0012572640359022787
81.5	-0.0012854286157189811
81.6	-0.001311235464300661
81.7	-0.001334688963872663
81.8	-0.001355796840358869
81.9	-0.0013745700920143932
82.0	-0.0013910229145492608
82.1	-0.0014051726229117423
82.2	-0.001417039569911953
82.3	-0.0014266470618719475
82.4	-0.0014340212714580676
82.5	-0.0014391911478919268
82.6	-0.001442188324711961
82.7	-0.0014430470252793418
82.8	-0.0014418039661784389
82.9	-0.001438498258730607
83.0	-0.001433171308763742
83.1	-0.0014258667148487325
83.2	-0.001416630165157902
83.3	-0.0014055093331267526
83.4	-0.0013925537721096873
83.5	-0.0013778148091827137
83.6	-0.001361345438274015
83.7	-0.0013432002128006572
83.8	-0.0013234351379596237
83.9	-0.0013021075628522174
84.0	-0.0012792760726101618
84.1	-0.0012550003806571482
84.2	-0.0012293412212868928
84.3	-0.0012023602427041274
84.4	-0.0011741199006656362
84.5	-0.0011446833528887424
84.6	-0.001114114354350858
84.7	-0.0010824771536198524
84.8	-0.0010498363903614066
84.9	-0.0010162569941443442
85.0	-0.0009818040846738504
85.1	-0.0009465428735608569
85.2	-0.00091053856776353
85.3	-0.0008738562748053369
85.4	-0.0008365609098630562
85.5	-0.0007987171048542287
85.6	-0.000760389119594294
85.7	-0.0007216407551429823
85.8	-0.0006825352694015607
85.9	-0.0006431352950642213
86.0	-0.0006035027599875352
86.1	-0.0005636988100654932
86.2	-0.0005237837346641448
86.3	-0.0004838168946791821
86.4	-0.00044385665329414097
86.5	-0.0004039603094569163
86.6	-0.0003641840341613088
86.7	-0.00032458280954259975
86.8	-0.0002852103708456611
86.9	-0.00024611915128772756
87.0	-0.0002073602298505603
87.1	-0.00016898328201780876
87.2	-0.00013103653348236284
87.3	-9.35667168328586e-5
87.4	-5.6619031218747586e-5
87.5	-2.0237105023246575e-5
87.6	1.5537038481670914e-5
87.7	5.066301249884447e-5
87.8	8.510209508140573e-5
87.9	0.00011881725455616233
88.0	0.00015177317199976714
88.1	0.00018393626078534424
88.2	0.0002152746832435186
88.3	0.00024575836445411294
88.4	0.00027535900319544215
88.5	0.00030405008011511554
88.6	0.0003318068631314696
88.7	0.00035860641013108825
88.8	0.000384427569000293
88.9	0.0004092509750459611
89.0	0.00043305904585822836
89.1	0.00045583597366511693
89.2	0.00047756771524422206
89.3	0.0004982419794516122
89.4	0.0005178482124368355
89.5	0.0005363775805951191
89.6	0.0005538229513433144
89.7	0.0005701788717776296
89.8	0.0005854415452851039
89.9	0.0005996088061964607
90.0	0.0006126800925339491
90.1	0.0006246564169511531
90.2	0.0006355403359243934
90.3	0.0006453359172981716
90.4	0.0006540487062352955
90.5	0.0006616856896758396
90.6	0.0006682552593785921
90.7	0.0006737671736193146
90.8	0.0006782325176529934
90.9	0.0006816636629802758
91.0	0.0006840742255461709
91.1	0.0006854790229238537
91.2	0.0006858940305821702
91.3	0.0006853363373087433
91.4	0.0006838240998700391
91.5	0.0006813764970134355
91.6	0.0006780136828504527
91.7	0.000673756739742948
91.8	0.0006686276307453303
91.9	0.0006626491516922642
92.0	0.0006558448830046602
92.1	0.000648239141299478
92.2	0.0006398569308598127
92.3	0.0006307238950612654
92.4	0.0006208662678102007
92.5	0.0006103108250741557
92.6	0.0005990848365662698
92.7	0.0005872160176648344
92.8	0.0005747324816165747
92.9	0.0005616626920924117
93.0	0.0005480354161766351
93.1	0.0005338796778167834
93.2	0.0005192247118295215
93.3	0.0005040999184817317
93.4	0.0004885348187311078
93.5	0.0004725590101655073
93.6	0.000456202123689294
93.7	0.0004394937810117715
93.8	0.0004224635529778836
93.9	0.00040514091878468344
94.0	0.0003875552261323281
94.1	0.00036973565233970195
94.2	0.00035171116646014357
94.3	0.00033351049244766167
94.4	0.0003151620733868124
94.5	0.0002966940368227837
94.6	0.00027813416122564577
94.7	0.0002595098436101595
94.8	0.00024084806832572967
94.9	0.00022217537705130066
95.0	0.0002035178400060034
95.1	0.00018490102839486592
95.2	0.00016634998810066722
95.3	0.00014788921463339957
95.4	0.00012954262935263206
95.5	0.0001113335569758015
95.6	9.328470435002443e-5
95.7	7.541814053522768e-5
95.8	5.775527815901561e-5
95.9	4.031685607201098e-5
96.0	2.312292328045721e-5
96.1	6.1928241750890185e-6
96.2	-1.0454814973705995e-5
96.3	-2.680209824256344e-5
96.4	-4.283187102644488e-5
96.5	-5.852772975110502e-5
96.6	-7.387403035614471e-5
96.7	-8.885589554031065e-5
96.8	-0.00010345922081227545
96.9	-0.00011767067934396204
97.0	-0.00013147772563542318
97.1	-0.0001448685980461884
97.2	-0.00015783232017471752
97.3	-0.00017035870113183942
97.4	-0.00018243833472444512
97.5	-0.00019406259756587038
97.6	-0.0002052236461566518
97.7	-0.00021591441293084603
97.8	-0.00022612860133695446
97.9	-0.00023586067993166277
98.0	-0.0002451058755624794
98.1	-0.00025386016562606317
98.2	-0.00026212026946859096
98.3	-0.00026988363892730777
98.4	-0.0002771484480684
98.5	-0.0002839135821280521
98.6	-0.0002901786257122213
98.7	-0.0002959438502776721
98.8	-0.0003012102009113086
98.9	-0.00030597928246150347
99.0	-0.0003102533450540915
99.1	-0.00031403526899870715
99.2	-0.00031732854915043955
99.3	-0.00032013727873878093
99.4	-0.0003224661327079225
99.5	-0.00032432035059365975
99.6	-0.00032570571897171433
99.7	-0.0003266285535104344
99.8	-0.0003270956806625405
99.9	-0.00032711441901923867
100.0	-0.0003266925603731625
100.1	-0.0003258383504986737
100.2	-0.0003245604697146428
100.3	-0.0003228680132146242
100.4	-0.0003207704712465565
100.5	-0.0003182777091248715
100.6	-0.00031539994713662754
100.7	-0.000312147740353602
100.8	-0.00030853195838626577
100.9	-0.0003045637651018867
101.0	-0.000300254598347476
101.1	-0.00029561614967862985
101.2	-0.0002906603441460696
101.3	-0.00028539932015441604
101.4	-0.00027984540941793676
101.5	-0.00027401111703292426
101.6	-0.0002679091017056997
101.7	-0.0002615521561404018
101.8	-0.00025495318762064264
101.9	-0.00024812519880534775
102.0	-0.00024108126874697523
102.1	-0.00023383453417919148
102.2	-0.0002263981710626492
102.3	-0.00021878537642361083
102.4	-0.00021100935050734977
102.5	-0.0002030832792503246
102.6	-0.00019502031709465605
102.7	-0.0001868335701617925
102.8	-0.0001785360797977551
102.9	-0.00017014080650211395
103.0	-0.00016166061426229795
103.1	-0.00015310825528957485
103.2	-0.00014449635518600526
103.3	-0.00013583739854439327
103.4	-0.000127143714991779
103.5	-0.00011842746568909855
103.6	-0.00010970063029127987
103.7	-0.00010097499438119655
103.8	-9.226213737770225e-5
103.9	-8.357342093788354e-5
104.0	-7.491997783758353e-5
104.1	-6.631270135989404e-5
104.2	-5.7762235171275974e-5
104.3	-4.9278963715606704e-5
104.4	-4.087300310718513e-5
104.5	-3.255419253547305e-5
104.6	-2.433208618377991e-5
104.7	-1.6215945652580134e-5
104.8	-8.214732906310815e-6
104.9	-3.3710372758943163e-7
105.0	7.408598320081564e-6
105.1	1.5014347407580492e-5
105.2	2.2472440461249767e-5
105.3	2.977550166995302e-5
105.4	3.691648648605047e-5
105.5	4.388868513738004e-5
105.6	5.068572563439968e-5
105.7	5.730157629460318e-5
105.8	6.373054777970757e-5
105.9	6.996729465149018e-5
106.0	7.600681646059217e-5
106.1	8.184445836364139e-5
106.2	8.747591128960465e-5
106.3	9.289721164702897e-5
106.4	9.810474059326741e-5
106.5	0.00010309522286851633
106.6	0.00010786572520675797
106.7	0.00011241365432638349
106.8	0.00011673675452058803
106.9	0.00012083310484113672
107.0	0.00012470111591098931
107.1	0.0001283395263499371
107.2	0.00013174739883719394
107.3	0.00013492411582674573
107.4	0.00013786937491372888
107.5	0.00014058318387544287
107.6	0.00014306585539012435
107.7	0.0001453180014533238
107.8	0.00014734052750001395
107.9	0.00014913462623897456
108.0	0.00015070177122692728
108.1	0.00015204371018112022
108.2	0.0001531624580475182
108.3	0.00015406028984679042
108.4	0.0001547397332938829
108.5	0.00015520356120944998
108.6	0.00015545478375645063
108.7	0.00015549664048555606
108.8	0.00015533259222014738
108.9	0.00015496631278226228
109.0	0.00015440168059623305
109.1	0.00015364277014785126
109.2	0.0001526938433431578
109.3	0.000151559340767211
109.4	0.00015024387285009075
109.5	0.0001487522109630167
109.6	0.0001470892784564393
109.7	0.00014526014164057237
109.8	0.0001432700007436415
109.9	0.00014112418082891956
110.0	0.0001388281227211291
110.1	0.0001363873739115388
110.2	0.0001338075794913683
110.3	0.0001310944730998693
110.4	0.00012825386791514166
110.5	0.00012529164767906384
110.6	0.0001222137577950345
110.7	0.00011902619647942105
110.8	0.00011573500599638536
110.9	0.0001123462639843887
111.0	0.0001088660748752023
111.1	0.00010530056141824719
111.2	0.000101655856332604
111.3	9.793809407514523e-5
111.4	9.415340274315239e-5
111.5	9.030789612464775e-5
111.6	8.640766589691289e-5
111.7	8.245877398013143e-5
111.8	7.846724506748033e-5
111.9	7.443905931143506e-5
112.0	7.038014520821898e-5
112.1	6.629637264847625e-5
112.2	6.219354617625162e-5
112.3	5.8077398439505205e-5
112.4	5.395358384219047e-5
112.5	4.9827672404737585e-5
112.6	4.5705143836321485e-5
112.7	4.159138183156116e-5
112.8	3.749166857197035e-5
112.9	3.3411179471473364e-5
113.0	2.9354978133111288e-5
113.1	2.532801154156852e-5
113.2	2.1335105492201276e-5
113.3	1.7380960249768094e-5
113.4	1.3470146450311704e-5
113.5	9.607101233007782e-6
113.6	5.796124618876977e-6
113.7	2.0413761289579242e-6
113.8	-1.65312836462302e-6
113.9	-5.283519535819747e-6
114.0	-8.846077263085325e-6
114.1	-1.2337233054792379e-5
114.2	-1.5753572229497073e-5
114.3	-1.909183585424049e-5
114.4	-2.234892245091814e-5
114.5	-2.5521889464983568e-5
114.6	-2.860795450236427e-5
114.7	-3.160449633191173e-5
114.8	-3.4509055659542416e-5
114.9	-3.7319335681364066e-5
115.0	-4.0033202402231085e-5
115.1	-4.2648684746183395e-5
115.2	-4.5163974446533786e-5
115.3	-4.757742571778284e-5
115.4	-4.988755471982275e-5
115.5	-5.209303883093309e-5
115.6	-5.419271570155859e-5
115.7	-5.618558212425604e-5
115.8	-5.807079270500377e-5
115.9	-5.984765835253728e-5
116.0	-6.15156445924028e-5
116.1	-6.307436969032443e-5
116.2	-6.452360261722532e-5
116.3	-6.586326084187299e-5
116.4	-6.709340797073466e-5
116.5	-6.821425122739802e-5
116.6	-6.922613879168621e-5
116.7	-7.0129556988256e-5
116.8	-7.092512734335963e-5
116.9	-7.161360351467947e-5
117.0	-7.219586809369138e-5
117.1	-7.26729292902368e-5
117.2	-7.304591751031061e-5
117.3	-7.331608182518682e-5
117.4	-7.348478634636793e-5
117.5	-7.355350650172896e-5
117.6	-7.352382523710026e-5
117.7	-7.339742912574072e-5
117.8	-7.317610441478939e-5
117.9	-7.286173300589461e-5
118.0	-7.245628837153956e-5
118.1	-7.196183141950331e-5
118.2	-7.138050631002434e-5
118.3	-7.07145362333591e-5
118.4	-6.996621915705768e-5
118.5	-6.913792353464264e-5
118.6	-6.823208400438657e-5
118.7	-6.725119705970416e-5
118.8	-6.619781672017909e-5
118.9	-6.507455019773733e-5
119.0	-6.388405355371332e-5
119.1	-6.262902737674037e-5
119.2	-6.131221246819431e-5
119.3	-5.9936385541183075e-5
119.4	-5.85043549500324e-5
119.5	-5.701895645311941e-5
119.6	-5.548304899531686e-5
119.7	-5.3899510544586574e-5
119.8	-5.2271233963646845e-5
119.9	-5.0601122935086345e-5
120.0	-4.889208793886986e-5
120.1	-4.7147042286324454e-5
120.2	-4.536889821764806e-5
120.3	-4.356056307204508e-5
120.4	-4.1724935508951524e-5
120.5	-3.9864901828865217e-5
120.6	-3.798333235220941e-5
120.7	-3.608307789352045e-5
120.8	-3.4166966306533804e-5
120.9	-3.223779912644187e-5
121.0	-3.0298348304964284e-5
121.1	-2.8351353032903465e-5
121.2	-2.6399516657260193e-5
121.3	-2.444550370527411e-5
121.4	-2.249193700512139e-5
121.5	-2.0541394906842818e-5
121.6	-1.8596408616242462e-5
121.7	-1.6659459621677948e-5
121.8	-1.4732977253141966e-5
121.9	-1.2819336327805884e-5
122.0	-1.0920854912878934e-5
122.1	-9.039792217301072e-6
122.2	-7.178346565489553e-6
122.3	-5.338653522181628e-6
122.4	-3.5227840999152974e-6
122.5	-1.7327431000574509e-6
122.6	2.9532435432730633e-8
122.7	1.7621746580086571e-6
122.8	3.463386229299547e-6
122.9	5.1314415225042524e-6
123.0	6.764687708786614e-6
123.1	8.361545734722691e-6
123.2	9.920511170032267e-6
123.3	1.1440154963408175e-5
123.4	1.2919124068735464e-5
123.5	1.4356141964644793e-5
123.6	1.575000907480483e-5
123.7	1.709960306265227e-5
123.8	1.8403879026938972e-5
123.9	1.9661869591663163e-5
124.0	2.0872684896581844e-5
124.1	2.2035512468068305e-5
124.2	2.314961701098119e-5
124.3	2.4214340087076423e-5
124.4	2.522909970152152e-5
124.5	2.6193389798738966e-5
124.6	2.710677965646721e-5
124.7	2.796891320098646e-5
124.8	2.877950822855545e-5
124.9	2.953835554169955e-5
125.0	3.0245318003693083e-5
125.1	3.090032951736486e-5
125.2	3.1503393920997993e-5
125.3	3.2054583817310016e-5
125.4	3.2554039318508085e-5
125.5	3.300196673656213e-5
125.6	3.339863720082151e-5
125.7	3.374438521277789e-5
125.8	3.403960713849564e-5
125.9	3.4284759653638075e-5
126.0	3.448035812339176e-5
126.1	3.462697493942386e-5
126.2	3.4725237808605406e-5
126.3	3.4775827986592414e-5
126.4	3.47794784866165e-5
126.5	3.473697223746358e-5
126.6	3.464914020876179e-5
126.7	3.45168595066216e-5
126.8	3.434105143959792e-5
126.9	3.412267955196341e-5
127.0	3.3862747646073166e-5
127.1	3.3562297772279194e-5
127.2	3.322240820981599e-5
127.3	3.284419142326293e-5
127.4	3.24287920275948e-5
127.5	3.197738472325658e-5
127.6	3.149117223513885e-5
127.7	3.097138325319789e-5
127.8	3.04192703655169e-5
127.9	2.9836107995366912e-5
128.0	2.9223190351346804e-5
128.1	2.858182937489917e-5
128.2	2.7913352703940122e-5
128.3	2.7219101655607395e-5
128.4	2.6500429212695476e-5
128.5	2.5758698033792284e-5
128.6	2.4995278490492383e-5
128.7	2.4211546715185953e-5
128.8	2.340888268319188e-5
128.9	2.2588668320116328e-5
129.0	2.175228563040612e-5
129.1	2.0901114869528706e-5
129.2	2.003653274549882e-5
129.3	1.915991064397647e-5
129.4	1.827261290390965e-5
129.5	1.737599513126812e-5
129.6	1.6471402543252853e-5
129.7	1.556016835590881e-5
129.8	1.4643612222020792e-5
129.9	1.372303870969715e-5
130.0	1.2799735820948162e-5
130.1	1.1874973565106281e-5
130.2	1.0950002574327211e-5
130.3	1.002605277308132e-5
130.4	9.10433208900226e-6
130.5	8.186025226147281e-6
130.6	7.2722924824927016e-6
130.7	6.364268614637399e-6
130.8	5.463061769794548e-6
130.9	4.569752455022769e-6
131.0	3.6853925740499837e-6
131.1	2.8110045072370915e-6
131.2	1.947580255101926e-6
131.3	1.0960806287691781e-6
131.4	2.574345027736751e-7
131.5	-5.674618843993005e-7
131.6	-1.3777455707944261e-6
131.7	-2.1725874558381117e-6
131.8	-2.9511928323583907e-6
131.9	-3.7128018635861023e-6
132.0	-4.456690009165444e-6
132.1	-5.182168386444817e-6
132.2	-5.888584092337802e-6
132.3	-6.57532046157886e-6
132.4	-7.2417972818394135e-6
132.5	-7.887470944708982e-6
132.6	-8.511834557746149e-6
132.7	-9.114417999794496e-6
132.8	-9.69478792277049e-6
132.9	-1.0252547717681559e-5
133.0	-1.0787337417634789e-5
133.1	-1.1298833562417407e-5
133.2	-1.178674901173318e-5
133.3	-1.2250832726430601e-5
133.4	-1.2690869484926765e-5
133.5	-1.3106679570609036e-5
133.6	-1.3498118418188024e-5
133.7	-1.3865076209401977e-5
133.8	-1.420747744207977e-5
133.9	-1.4525280448634732e-5
134.0	-1.481847688730338e-5
134.1	-1.5087091192053168e-5
134.2	-1.5331179988472134e-5
134.3	-1.555083148227923e-5
134.4	-1.5746164810439166e-5
134.5	-1.59173293631963e-5
134.6	-1.6064504081650503e-5
134.7	-1.61878967158738e-5
134.8	-1.6287743075107046e-5
134.9	-1.6364306239806782e-5
135.0	-1.6417875754390354e-5
135.1	-1.644876680167615e-5
135.2	-1.645731935160353e-5
135.3	-1.6443897293591678e-5
135.4	-1.6408887556489333e-5
135.5	-1.63526992060327e-5
135.6	-1.627576252984881e-5
135.7	-1.617852810952161e-5
135.8	-1.6061465885100705e-5
135.9	-1.5925064207321915e-5
136.0	-1.576982887716464e-5
136.1	-1.5596282180296762e-5
136.2	-1.540496192728848e-5
136.3	-1.5196420469777951e-5
136.4	-1.4971223726187607e-5
136.5	-1.4729950204442264e-5
136.6	-1.4473190023817784e-5
136.7	-1.4201543935095067e-5
136.8	-1.3915622345494513e-5
136.9	-1.3616044349556967e-5
137.0	-1.3303436757593878e-5
137.1	-1.2978433139370082e-5
137.2	-1.2641672864927804e-5
137.3	-1.229380016232759e-5
137.4	-1.1935463181638873e-5
137.5	-1.156731306984546e-5
137.6	-1.1190003052065031e-5
137.7	-1.0804187536612157e-5
137.8	-1.0410521220569865e-5
137.9	-1.0009658220686735e-5
138.0	-9.602251217051751e-6
138.1	-9.188950604453488e-6
138.2	-8.770403675497835e-6
138.3	-8.347253808438787e-6
138.4	-7.920139682835455e-6
138.5	-7.4896945103835546e-6
138.6	-7.0565452829433896e-6
138.7	-6.621312050437839e-6
138.8	-6.18460721387469e-6
138.9	-5.747034838266052e-6
139.0	-5.309189997480694e-6
139.1	-4.871658124604061e-6
139.2	-4.43501440910107e-6
139.3	-3.999823199195579e-6
139.4	-3.5666374382784976e-6
139.5	-3.135998122494718e-6
139.6	-2.708433777135261e-6
139.7	-2.2844599764352144e-6
139.8	-1.8645788664887879e-6
139.9	-1.449278731191693e-6
140.0	-1.0390335768020783e-6
140.1	-6.343027383846184e-7
140.2	-2.3553052019203595e-7
140.3	1.5685414081769958e-7
140.4	5.42437985918486e-7
140.5	9.20823723693819e-7
140.6	1.2916302839496145e-6
140.7	1.6544930530126815e-6
140.8	2.00906408054806e-6
140.9	2.355012261568741e-6
141.0	2.6920234939735375e-6
141.1	3.0198008075939026e-6
141.2	3.3380644715427874e-6
141.3	3.6465520752237754e-6
141.4	3.9450185886533195e-6
141.5	4.233236388630163e-6
141.6	4.510995274613209e-6
141.7	4.77810245447644e-6
141.8	5.034382504976514e-6
141.9	5.2796773128691095e-6
142.0	5.513845998225673e-6
142.1	5.736764807376477e-6
142.2	5.948326989232678e-6
142.3	6.148442656652009e-6
142.4	6.337038617735339e-6
142.5	6.514058191836787e-6
142.6	6.679461011920653e-6
142.7	6.833222798157324e-6
142.8	6.975335126694909e-6
142.9	7.105805168394893e-6
143.0	7.224655420847892e-6
143.1	7.331923420713442e-6
143.2	7.4276614404358424e-6
143.3	7.511936170135217e-6
143.4	7.584828390069869e-6
143.5	7.64643262578913e-6
143.6	7.696856789750501e-6
143.7	7.736221815678896e-6
143.8	7.764661276826876e-6
143.9	7.782321000119532e-6
144.0	7.789358665522174e-6
144.1	7.785943394886344e-6
144.2	7.772255337199919e-6
144.3	7.748485246089506e-6
144.4	7.714834047331663e-6
144.5	7.671512399580424e-6
144.6	7.61874025490847e-6
144.7	7.556746406814367e-6
144.8	7.485768042632139e-6
144.9	7.406050283135153e-6
145.0	7.31784572617465e-6
145.1	7.22141398825786e-6
145.2	7.117021239028279e-6
145.3	7.004939739643554e-6
145.4	6.885447377056548e-6
145.5	6.758827203463157e-6
145.6	6.625366973631273e-6
145.7	6.485358682153718e-6
145.8	6.339098106953684e-6
145.9	6.186884350793641e-6
146.0	6.029019390686242e-6
146.1	5.865807629202778e-6
146.2	5.697555447652884e-6
146.3	5.524570769641949e-6
146.4	5.347162624023984e-6
146.5	5.1656407153310405e-6
146.6	4.980315005779209e-6
146.7	4.79149529457501e-6
146.8	4.599490811144444e-6
146.9	4.4046098217216425e-6
147.0	4.207159222159816e-6
147.1	4.007444166137941e-6
147.2	3.8057676844013138e-6
147.3	3.6024303198290204e-6
147.4	3.397729767479248e-6
147.5	3.1919605291261583e-6
147.6	2.9854135814656787e-6
147.7	2.7783760406079637e-6
147.8	2.5711308518497558e-6
147.9	2.3639564804276515e-6
148.0	2.157126620452455e-6
148.1	1.95090991031743e-6
148.2	1.745569660586457e-6
148.3	1.5413635967784456e-6
148.4	1.3385436112374215e-6
148.5	1.1373555207597277e-6
148.6	9.380388497776566e-7
148.7	7.40826614926355e-7
148.8	5.459451271658251e-7
148.9	3.5361379974328413e-7
149.0	1.6404497970206822e-7
149.1	-2.255622242425814e-8
149.2	-2.059920764119486e-7
149.3	-3.8607237772646766e-7
149.4	-5.626145680709868e-7
149.5	-7.354438490397759e-7
149.6	-9.043932857489373e-7
149.7	-1.069303897214496e-6
149.8	-1.2300247350444975e-6
149.9	-1.3864129380488258e-6
150.0	-1.538333801086058e-6
150.1	-1.6856608072088997e-6
150.2	-1.8282756611349057e-6
150.3	-1.9660683044578407e-6
150.4	-2.098936931475841e-6
150.5	-2.226787975906799e-6
150.6	-2.3495361006113174e-6
150.7	-2.4671041775823422e-6
150.8	-2.5794232445685055e-6
150.9	-2.6864324617264063e-6
151.0	-2.7880790584772113e-6
151.1	-2.8843182652692783e-6
151.2	-2.975113240488421e-6
151.3	-3.060434983003401e-6
151.4	-3.1402622455252705e-6
151.5	-3.214581424098125e-6
151.6	-3.2833864516547745e-6
151.7	-3.3466786817513874e-6
151.8	-3.4044667597366734e-6
151.9	-3.456766484455101e-6
152.0	-3.503600679442011e-6
152.1	-3.544999030050252e-6
152.2	-3.580997937174372e-6
152.3	-3.611640355995624e-6
152.4	-3.6369756250268692e-6
152.5	-3.6570592986857257e-6
152.6	-3.6719529614903504e-6
152.7	-3.681724055113313e-6
152.8	-3.68644568294075e-6
152.9	-3.6861964175867545e-6
153.0	-3.681060108915231e-6
153.1	-3.6711256840011336e-6
153.2	-3.6564869390870324e-6
153.3	-3.637242340618077e-6
153.4	-3.613494807457468e-6
153.5	-3.5853515080621158e-6
153.6	-3.5529236404178313e-6
153.7	-3.5163262201432264e-6
153.8	-3.475677862021972e-6
153.9	-3.4311005636947416e-6
154.0	-3.382719486844649e-6
154.1	-3.3306627366319514e-6
154.2	-3.275061142571769e-6
154.3	-3.2160480405274305e-6
154.4	-3.153759052100037e-6
154.5	-3.0883318663612523e-6
154.6	-3.0199060244657846e-6
154.7	-2.9486227020718635e-6
154.8	-2.874624492756019e-6
154.9	-2.798055195565943e-6
155.0	-2.7190596088884443e-6
155.1	-2.6377833163209522e-6
155.2	-2.55437247842974e-6
155.3	-2.468973637191949e-6
155.4	-2.3817335065826377e-6
155.5	-2.2927987811501053e-6
155.6	-2.2023159378870177e-6
155.7	-2.1104310464670293e-6
155.8	-2.017289584552757e-6
155.9	-1.9230362508557896e-6
156.0	-1.8278147895888106e-6
156.1	-1.731767813025857e-6
156.2	-1.6350366357940729e-6
156.3	-1.5377611023275255e-6
156.4	-1.4400794325923254e-6
156.5	-1.342128061840579e-6
156.6	-1.2440414911221715e-6
156.7	-1.1459521410945196e-6
156.8	-1.0479902104613795e-6
156.9	-9.502835431366433e-7
157.0	-8.529574939412303e-7
157.1	-7.561348100176521e-7
157.2	-6.599355034380891e-7
157.3	-5.644767472781523e-7
157.4	-4.698727599410123e-7
157.5	-3.762347101540114e-7
157.6	-2.836706140078783e-7
157.7	-1.9228524880566876e-7
157.8	-1.0218006818111241e-7
157.9	-1.3453121804910844e-8
158.0	7.380101632435543e-8
158.1	1.594913171426e-7
158.2	2.4353035284807074e-7
158.3	3.258343586186286e-7
158.4	4.063232780212804e-7
158.5	4.849208078384919e-7
158.6	5.615544357115395e-7
158.7	6.361554762405333e-7
158.8	7.086590918582898e-7
158.9	7.790043187074594e-7
159.0	8.471340819138586e-7
159.1	9.129952025048952e-7
159.2	9.76538409550198e-7
159.3	1.0377183320982557e-6
159.4	1.0964934972097802e-6
159.5	1.152826322047397e-6
159.6	1.2066830952660365e-6
159.7	1.2580339531368804e-6
159.8	1.3068528650139506e-6
159.9	1.353117593449943e-6
160.0	1.396809665013764e-6
160.1	1.4379143308100019e-6
160.2	1.476420519955068e-6
160.3	1.5123208008602265e-6
160.4	1.545611317173286e-6
160.5	1.5762917452908936e-6
160.6	1.6043652302504153e-6
160.7	1.629838321761486e-6
160.8	1.6527209117642916e-6
160.9	1.6730261594216448e-6
161.0	1.690770426530969e-6
161.1	1.7059731965468775e-6
161.2	1.7186569960021606e-6
161.3	1.7288473201966662e-6
161.4	1.7365725415687378e-6
161.5	1.7418638253835985e-6
161.6	1.7447550460078033e-6
161.7	1.745282691006902e-6
161.8	1.7434857708061456e-6
161.9	1.7394057273626755e-6
162.0	1.7330863315987702e-6
162.1	1.7245735959564304e-6
162.2	1.7139156651071583e-6
162.3	1.7011627234058182e-6
162.4	1.6863668923442452e-6
162.5	1.6695821249912732e-6
162.6	1.650864111815173e-6
162.7	1.6302701725522397e-6
162.8	1.6078591491751023e-6
162.9	1.5836913067852438e-6
163.0	1.557828232801613e-6
163.1	1.530332724413442e-6
163.2	1.5012686936507474e-6
163.3	1.4707010576460624e-6
163.4	1.4386956380496674e-6
163.5	1.4053190603353658e-6
163.6	1.370638649261765e-6
163.7	1.3347223270259975e-6
163.8	1.2976385152273044e-6
163.9	1.2594560340452681e-6
164.0	1.2202440078736434e-6
164.1	1.1800717630764558e-6
164.2	1.139008738861846e-6
164.3	1.0971243826159977e-6
164.4	1.0544880719222915e-6
164.5	1.01116901421901e-6
164.6	9.67236160376904e-7
164.7	9.227581149315847e-7
164.8	8.778030551744011e-7
164.9	8.324386463098813e-7
165.0	7.867319599580934e-7
165.1	7.407493913791053e-7
165.2	6.945565896379012e-7
165.3	6.482183809170184e-7
165.4	6.017986926013559e-7
165.5	5.553604869771708e-7
165.6	5.089656933234962e-7
165.7	4.626751418396581e-7
165.8	4.1654850257097827e-7
165.9	3.7064422633482706e-7
166.0	3.2501948760015834e-7
166.1	2.797301267468087e-7
166.2	2.3483060362282109e-7
166.3	1.9037394314995965e-7
166.4	1.464116930840796e-7
166.5	1.029938802778547e-7
166.6	6.016896598737314e-8
166.7	1.7983812055065457e-8
166.8	-2.351635395563976e-8
166.9	-6.428797683963117e-8
167.0	-1.0428919809466694e-7
167.1	-1.434798857955108e-7
167.2	-1.818216563396346e-7
167.3	-2.192778971916512e-7
167.4	-2.558137882709976e-7
167.5	-2.9139631250182503e-7
167.6	-3.2599427559529123e-7
167.7	-3.595783122597924e-7
167.8	-3.921208964690963e-7
167.9	-4.235963451460768e-7
168.0	-4.5398082522816476e-7
168.1	-4.832523503908825e-7
168.2	-5.113907789746466e-7
168.3	-5.383778129168355e-7
168.4	-5.641969896883124e-7
168.5	-5.888336719256104e-7
168.6	-6.122750378815306e-7
168.7	-6.345100670091202e-7
168.8	-6.555295244623566e-7
168.9	-6.753259424754321e-7
169.0	-6.938936064765128e-7
169.1	-7.11228521248846e-7
169.2	-7.273283980644486e-7
169.3	-7.42192625117908e-7
169.4	-7.558222408374095e-7
169.5	-7.682199064206505e-7
169.6	-7.793898669607519e-7
169.7	-7.893379301799337e-7
169.8	-7.980714258696497e-7
169.9	-8.055991745551824e-7
170.0	-8.119314432185658e-7
170.1	-8.170799183639489e-7
170.2	-8.210576580176548e-7
170.3	-8.238790536150989e-7
170.4	-8.255597909845673e-7
170.5	-8.261168057846136e-7
170.6	-8.255682386708176e-7
170.7	-8.239333927987477e-7
170.8	-8.212326896581829e-7
170.9	-8.174876205297585e-7
171.0	-8.127207024812593e-7
171.1	-8.069554297513045e-7
171.2	-8.002162265482873e-7
171.3	-7.925283982306317e-7
171.4	-7.839180842716718e-7
171.5	-7.744122084246039e-7
171.6	-7.640384334807222e-7
171.7	-7.528251036855526e-7
171.8	-7.408012053011637e-7
171.9	-7.279963124556163e-7
172.0	-7.144405360031753e-7
172.1	-7.001644812326392e-7
172.2	-6.851991920406872e-7
172.3	-6.695761053014984e-7
172.4	-6.533270055671091e-7
172.5	-6.364839714389255e-7
172.6	-6.190793284058057e-7
172.7	-6.011456081313812e-7
172.8	-5.827154960885207e-7
172.9	-5.638217880265467e-7
173.0	-5.444973430457708e-7
173.1	-5.247750397144598e-7
173.2	-5.046877325105855e-7
173.3	-4.842682071827638e-7
173.4	-4.6354914037524306e-7
173.5	-4.4256305634592797e-7
173.6	-4.2134228922930657e-7
173.7	-3.999189386300023e-7
173.8	-3.783248350246006e-7
173.9	-3.565915010950839e-7
174.0	-3.3475011174801716e-7
174.1	-3.128314664368614e-7
174.2	-2.908659470760825e-7
174.3	-2.688834858389545e-7
174.4	-2.469135348040909e-7
174.5	-2.2498503819328723e-7
174.6	-2.0312639499294082e-7
174.7	-1.8136543664921934e-7
174.8	-1.5972939540123944e-7
174.9	-1.3824488127240005e-7
175.0	-1.1693785684213895e-7
175.1	-9.583361167447844e-8
175.2	-7.495674140981517e-8
175.3	-5.43311278882133e-8
175.4	-3.3979917260433634e-8
175.5	-1.392550376199942e-8
175.6	5.810489373296711e-9
175.7	2.5207223421226146e-8
175.8	4.4244662599293454e-8
175.9	6.290358321925557e-8
176.0	8.116558547184043e-8
176.1	9.901310745623175e-8
176.2	1.1642942894368815e-7
176.3	1.33398687960385e-7
176.4	1.4990587814182415e-7
176.5	1.6593685904035474e-7
176.6	1.8147835932132614e-7
176.7	1.9651798274022556e-7
176.8	2.1104420712383508e-7
176.9	2.2504638040424697e-7
177.0	2.3851473045745035e-7
177.1	2.514403510997326e-7
177.2	2.638152141625726e-7
177.3	2.75632151220578e-7
177.4	2.868848580416316e-7
177.5	2.975678811416695e-7
177.6	3.076766191768976e-7
177.7	3.1720730498683153e-7
177.8	3.261570066785348e-7
177.9	3.345236089472184e-7
178.0	3.423058074193485e-7
178.1	3.49503094027242e-7
178.2	3.561157477775327e-7
178.3	3.621448161765772e-7
178.4	3.6759210418680505e-7
178.5	3.7246015786901036e-7
178.6	3.7675225064092383e-7
178.7	3.804723647788765e-7
178.8	3.8362517343626227e-7
178.9	3.862160235425046e-7
179.0	3.8825092049338e-7
179.1	3.897365033328295e-7
179.2	3.90680031937108e-7
179.3	3.9108936074637774e-7
179.4	3.9097292208517506e-7
179.5	3.903397039345737e-7
179.6	3.891992282540238e-7
179.7	3.875615313831639e-7
179.8	3.854371410415992e-7
179.9	3.8283705286522516e-7
180.0	3.7977270873511766e-7
180.1	3.762559732732718e-7
180.2	3.7229911560415497e-7
180.3	3.679147804430338e-7
180.4	3.6311596709068e-7
180.5	3.57916006654891e-7
180.6	3.5232853801456666e-7
180.7	3.4636748592288213e-7
180.8	3.400470374446921e-7
180.9	3.3338161800772264e-7
181.0	3.2638586714440603e-7
181.1	3.1907461681744744e-7
181.2	3.1146286917986235e-7
181.3	3.035657728457403e-7
181.4	2.953986015116523e-7
181.5	2.8697672856907663e-7
181.6	2.783156075448749e-7
181.7	2.694307511791424e-7
181.8	2.603377071398686e-7
181.9	2.510520405592082e-7
182.0	2.415893057919601e-7
182.1	2.3196503533667375e-7
182.2	2.2219471389820107e-7
182.3	2.1229375844112264e-7
182.4	2.022775004002457e-7
182.5	1.9216116793143421e-7
182.6	1.8195986622011598e-7
182.7	1.7168855901072234e-7
182.8	1.613620508668471e-7
182.9	1.5099497042900367e-7
183.0	1.406017551935951e-7
183.1	1.3019663550512395e-7
183.2	1.1979361840174848e-7
183.3	1.0940647001131519e-7
183.4	9.90487065128754e-8
183.5	8.873357941175006e-8
183.6	7.8474057792092e-8
183.7	6.828282043804814e-8
183.8	5.817224278715073e-8
183.9	4.8154385816106764e-8
184.0	3.824098333016409e-8
184.1	2.8443434994504045e-8
184.2	1.8772792517579865e-8
184.3	9.239756711486039e-9
184.4	-1.4533461205469864e-10
184.5	-9.372516442235038e-9
184.6	-1.8432196176624116e-8
184.7	-2.731516694616973e-8
184.8	-3.6012613683886294e-8
184.9	-4.451611281461945e-8
185.0	-5.2817638728845805e-8
185.1	-6.090957137259793e-8
185.2	-6.878469207740057e-8
185.3	-7.643619621659002e-8
185.4	-8.385768890686595e-8
185.5	-9.104318628426831e-8
185.6	-9.798712054024869e-8
185.7	-1.0468433569364933e-7
185.8	-1.1113009098599295e-7
185.9	-1.1732005992711316e-7
186.0	-1.2325032452700802e-7
186.1	-1.2891737958870904e-7
186.2	-1.3431812896378242e-7
186.3	-1.3944988029617474e-7
186.4	-1.4431034612023356e-7
186.5	-1.4889763401696942e-7
186.6	-1.532102473585317e-7
186.7	-1.5724707845098734e-7
186.8	-1.6100740438324272e-7
186.9	-1.6449088117636164e-7
187.0	-1.676975392156621e-7
187.1	-1.7062777385072602e-7
187.2	-1.7328234282103864e-7
187.3	-1.7566235382267478e-7
187.4	-1.777692622929682e-7
187.5	-1.796048629433419e-7
187.6	-1.8117127723909646e-7
187.7	-1.8247094969275497e-7
187.8	-1.8350663705472474e-7
187.9	-1.8428140216449243e-7
188.0	-1.8479859885334724e-7
188.1	-1.850618708181466e-7
188.2	-1.8507513498473506e-7
188.3	-1.8484257328106212e-7
188.4	-1.8436862564409957e-7
188.5	-1.8365797446155355e-7
188.6	-1.8271554199972634e-7
188.7	-1.8154647193309027e-7
188.8	-1.8015612474400514e-7
188.9	-1.785500623362414e-7
189.0	-1.7673404025160596e-7
189.1	-1.7471399576613447e-7
189.2	-1.7249604001307707e-7
189.3	-1.7008643774661177e-7
189.4	-1.674916082166552e-7
189.5	-1.6471810441391246e-7
189.6	-1.617726110957153e-7
189.7	-1.5866192419616736e-7
189.8	-1.5539294897961781e-7
189.9	-1.5197268091184093e-7
190.0	-1.4840820259095356e-7
190.1	-1.4470666553631194e-7
190.2	-1.4087528298226137e-7
190.3	-1.3692132147158796e-7
190.4	-1.3285208740120073e-7
190.5	-1.2867491523075233e-7
190.6	-1.2439716277234339e-7
190.7	-1.2002619667943789e-7
190.8	-1.1556938267579056e-7
190.9	-1.1103407689533709e-7
191.0	-1.0642761564267721e-7
191.1	-1.0175730645268764e-7
191.2	-9.703041996119617e-8
191.3	-9.225417858592232e-8
191.4	-8.743575023933815e-8
191.5	-8.258223461383285e-8
191.6	-7.770066389317075e-8
191.7	-7.279798540453857e-8
191.8	-6.788106029650333e-8
191.9	-6.295665091345334e-8
192.0	-5.803141801631946e-8
192.1	-5.311191116956066e-8
192.2	-4.820456055171392e-8
192.3	-4.3315675743418644e-8
192.4	-3.8451432356411e-8
192.5	-3.3617870567680596e-8
192.6	-2.8820888550245865e-8
192.7	-2.4066237133516928e-8
192.8	-1.9359512812584954e-8
192.9	-1.470615792226496e-8
193.0	-1.0111448980150868e-8
193.1	-5.580496183415358e-9
193.2	-1.1182428233736218e-9
193.3	3.270545742869494e-9
193.4	7.581278566578672e-9
193.5	1.18095492432691e-8
193.6	1.5951131247970064e-8
193.7	2.0001986364539526e-8
193.8	2.3958263672434184e-8
193.9	2.7816302880765686e-8
194.0	3.157263479575872e-8
194.1	3.522398350170095e-8
194.2	3.876726956412776e-8
194.3	4.2199605056143995e-8
194.4	4.551830184389087e-8
194.5	4.872086425609666e-8
194.6	5.1804994779959046e-8
194.7	5.4768589604306104e-8
194.8	5.7609742666154595e-8
194.9	6.032674116810058e-8
195.0	6.291806443964494e-8
195.1	6.53823876749365e-8
195.2	6.771857409551419e-8
195.3	6.992567538499152e-8
195.4	7.200293271001031e-8
195.5	7.394977127356049e-8
195.6	7.576579925226481e-8
195.7	7.745080441134931e-8
195.8	7.900475186041356e-8
195.9	8.04277808111267e-8
196.0	8.172020554680487e-8
196.1	8.288250292620248e-8
196.2	8.391531879670616e-8
196.3	8.481945694598158e-8
196.4	8.559587882423974e-8
196.5	8.624570112448216e-8
196.6	8.677018855939857e-8
196.7	8.717075047908117e-8
196.8	8.744893685004609e-8
196.9	8.760643696187033e-8
197.0	8.764506785911469e-8
197.1	8.756677585917663e-8
197.2	8.737362916063267e-8
197.3	8.70678130978411e-8
197.4	8.665162603584522e-8
197.5	8.612747554024146e-8
197.6	8.549787173411939e-8
197.7	8.476542112389053e-8
197.8	8.393282251220993e-8
197.9	8.3002863341261e-8
198.0	8.197841538532621e-8
198.1	8.086242227483075e-8
198.2	7.96579050665091e-8
198.3	7.836795070705657e-8
198.4	7.699570228488114e-8
198.5	7.554436597024844e-8
198.6	7.401719407620308e-8
198.7	7.241749026101038e-8
198.8	7.0748592376133e-8
198.9	6.901387994358113e-8
199.0	6.721675882004904e-8
199.1	6.536066279500145e-8
199.2	6.3449046266942e-8
199.3	6.148537627960164e-8
199.4	5.947313360795154e-8
199.5	5.741580666035311e-8
199.6	5.5316880895159175e-8
199.7	5.3179839772357016e-8
199.8	5.100816012476394e-8
199.9	4.880530462104401e-8
200.0	4.65747195386275e-8
200.1	4.431983202078541e-8
200.2	4.204404116398891e-8
200.3	3.975071798308265e-8
200.4	3.744320104033295e-8
200.5	3.512478904824762e-8
200.6	3.27987411931033e-8
200.7	3.04682721659883e-8
200.8	2.8136551784382038e-8
200.9	2.5806690348618437e-8
201.0	2.3481751325675772e-8
201.1	2.1164735769884154e-8
201.2	1.8858582933013352e-8
201.3	1.6566172403984297e-8
201.4	1.4290313888896536e-8
201.5	1.203374950624434e-8
201.6	9.799149757921248e-9
201.7	7.589109429845152e-9
201.8	5.406148733090199e-9
201.9	3.2527086238885174e-9
202.0	1.1311516402704782e-9
202.1	-9.562444194142151e-10
202.2	-3.0072823728040033e-9
202.3	-5.01985122994855e-9
202.4	-6.991929273251589e-9
202.5	-8.921577687018955e-9
202.6	-1.080694997580376e-8
202.7	-1.264629060816557e-8
202.8	-1.4437928596512248e-8
202.9	-1.618029264635259e-8
203.0	-1.7871894742961346e-8
203.1	-1.9511345688684432e-8
203.2	-2.1097345987767056e-8
203.3	-2.2628689318897906e-8
203.4	-2.4104261832702264e-8
203.5	-2.552304295410328e-8
203.6	-2.6884104144223504e-8
203.7	-2.818660969560329e-8
203.8	-2.9429814534714237e-8
203.9	-3.061306637219142e-8
204.0	-3.173580242803232e-8
204.1	-3.2797548883174985e-8
204.2	-3.379792411958954e-8
204.3	-3.473663062735526e-8
204.4	-3.561345764426884e-8
204.5	-3.64282820902792e-8
204.6	-3.718106540625952e-8
204.7	-3.78718505596727e-8
204.8	-3.850076358932215e-8
204.9	-3.906801014447707e-8
205.0	-3.957387164972331e-8
205.1	-4.0018709706312286e-8
205.2	-4.040295881229339e-8
205.3	-4.0727127424754216e-8
205.4	-4.099179455937499e-8
205.5	-4.119760909196219e-8
205.6	-4.134528768135379e-8
205.7	-4.143561196141628e-8
205.8	-4.146942481249049e-8
205.9	-4.144762925869631e-8
206.0	-4.137119114837692e-8
206.1	-4.124112822028686e-8
206.2	-4.105851443605948e-8
206.3	-4.082447636193032e-8
206.4	-4.054018665127251e-8
206.5	-4.020686760319624e-8
206.6	-3.982578488002726e-8
206.7	-3.939824943348818e-8
206.8	-3.892560729427189e-8
206.9	-3.840924425227992e-8
207.0	-3.7850577665643925e-8
207.1	-3.7251062383184286e-8
207.2	-3.661217903619271e-8
207.3	-3.5935436333104214e-8
207.4	-3.5222369573915754e-8
207.5	-3.44745341854613e-8
207.6	-3.3693507536911185e-8
207.7	-3.288088244496624e-8
207.8	-3.203827080696967e-8
207.9	-3.1167291012837566e-8
208.0	-3.0269578456109994e-8
208.1	-2.934677213612518e-8
208.2	-2.840051708742659e-8
208.3	-2.74324653113168e-8
208.4	-2.6444265806551684e-8
208.5	-2.5437567944831964e-8
208.6	-2.441402031178583e-8
208.7	-2.3375261930075653e-8
208.8	-2.23229291938147e-8
208.9	-2.1258644648757782e-8
209.0	-2.0184020478919397e-8
209.1	-1.9100658725486056e-8
209.2	-1.8010143035867094e-8
209.3	-1.6914039860999923e-8
209.4	-1.581389689783442e-8
209.5	-1.4711243536860399e-8
209.6	-1.3607584233143857e-8
209.7	-1.2504399291838418e-8
209.8	-1.1403145968917363e-8
209.9	-1.0305251652441889e-8
210.0	-9.21211703072224e-9
210.1	-8.125114088284777e-9
210.2	-7.0455804934634535e-9
210.3	-5.974823322830064e-9
210.4	-4.9141175351372275e-9
210.5	-3.8647004088900275e-9
210.6	-2.827775123284804e-9
210.7	-1.8045057107174383e-9
210.8	-7.960220305512036e-10
210.9	1.9658658156806515e-10
211.0	1.1722705653062908e-9
211.1	2.130018404708092e-9
211.2	3.0688600246938155e-9
211.3	3.9878695086071746e-9
211.4	4.8861590034471736e-9
211.5	5.762886548825101e-9
211.6	6.617250340642462e-9
211.7	7.448492909906714e-9
211.8	8.255900099859378e-9
211.9	9.038799259625977e-9
212.0	9.796564771514163e-9
212.1	1.0528613553376366e-8
212.2	1.123440626615772e-8
212.3	1.191344814008269e-8
212.4	1.2565287351266599e-8
212.5	1.3189516605590923e-8
212.6	1.3785770470044569e-8
212.7	1.4353728849675162e-8
212.8	1.4893112759213262e-8
212.9	1.5403688107323892e-8
213.0	1.5885259906356335e-8
213.1	1.633767795540325e-8
213.2	1.676083068686885e-8
213.3	1.7154648867459564e-8
213.4	1.7519103698660938e-8
213.5	1.785420442690081e-8
213.6	1.8159998424094982e-8
213.7	1.8436574478775346e-8
213.8	1.868405731189326e-8
213.9	1.890260517277238e-8
214.0	1.909241447698133e-8
214.1	1.9253718136816627e-8
214.2	1.9386779291490595e-8
214.3	1.9491895322871714e-8
214.4	1.956939916463038e-8
214.5	1.9619650660732154e-8
214.6	1.964304041307191e-8
214.7	1.9639989841918055e-8
214.8	1.9610946224466357e-8
214.9	1.955638626413201e-8
215.0	1.9476810656779105e-8
215.1	1.9372744219634878e-8
215.2	1.9244738422007697e-8
215.3	1.9093362608827603e-8
215.4	1.8919213701933944e-8
215.5	1.872290313478058e-8
215.6	1.850506466922777e-8
215.7	1.8266348393566565e-8
215.8	1.8007423431827928e-8
215.9	1.7728971429716335e-8
216.0	1.743169010367238e-8
216.1	1.7116290315214377e-8
216.2	1.6783495285474298e-8
216.3	1.6434038581484984e-8
216.4	1.6068665613343925e-8
216.5	1.5688125634812917e-8
216.6	1.529317939001896e-8
216.7	1.488459308653444e-8
216.8	1.4463136508956793e-8
216.9	1.4029587560991118e-8
217.0	1.3584723620560812e-8
217.1	1.3129325171494505e-8
217.2	1.26641731432176e-8
217.3	1.2190048310124202e-8
217.4	1.170772929199019e-8
217.5	1.1217995655233282e-8
217.6	1.0721620366092603e-8
217.7	1.0219373943881229e-8
217.8	9.712020891682493e-9
217.9	9.2003212719669e-9
218.0	8.685025135340428e-9
218.1	8.166877067959849e-9
218.2	7.64661227454301e-9
218.3	7.124955461532931e-9
218.4	6.602624996204673e-9
218.5	6.080322420631835e-9
218.6	5.558740659288619e-9
218.7	5.038558047625113e-9
218.8	4.520442272640425e-9
218.9	4.005046011971695e-9
219.0	3.4930064864777934e-9
219.1	2.984945005437278e-9
219.2	2.4814698439363604e-9
219.3	1.9831729860903298e-9
219.4	1.4906260501281615e-9
219.5	1.004388027762e-9
219.6	5.249948478196488e-10
219.7	5.296879639303796e-11
219.8	-4.11187637825142e-10
219.9	-8.669923665222216e-10
220.0	-1.3139808679901163e-9
220.1	-1.7517089503522334e-9
220.2	-2.1797514881326032e-9
220.3	-2.597703620487886e-9
220.4	-3.0051810987671312e-9
220.5	-3.401820762487001e-9
220.6	-3.787278677858839e-9
220.7	-4.161230756699427e-9
220.8	-4.5233731766409845e-9
220.9	-4.873427307827589e-9
221.0	-5.211131642260158e-9
221.1	-5.536245221126566e-9
221.2	-5.848547640534943e-9
221.3	-6.1478446646353736e-9
221.4	-6.433954565434731e-9
221.5	-6.706721111495807e-9
221.6	-6.966006990296041e-9
221.7	-7.211694776990929e-9
221.8	-7.443688579238739e-9
221.9	-7.661911501896097e-9
222.0	-7.866303368239302e-9
222.1	-8.05682673149421e-9
222.2	-8.233464874260231e-9
222.3	-8.396215328495694e-9
222.4	-8.545096929483145e-9
222.5	-8.680144902019373e-9
222.6	-8.80141354913754e-9
222.7	-8.90897504616442e-9
222.8	-9.002916157275454e-9
222.9	-9.083342394451622e-9
223.0	-9.150372982597954e-9
223.1	-9.204145878518339e-9
223.2	-9.244812832912264e-9
223.3	-9.272541262792542e-9
223.4	-9.28751175265542e-9
223.5	-9.289919158791303e-9
223.6	-9.279971305698705e-9
223.7	-9.25788895395276e-9
223.8	-9.223906112539711e-9
223.9	-9.178269404405275e-9
224.0	-9.121233821725314e-9
224.1	-9.053070028645522e-9
224.2	-8.974052471918553e-9
224.3	-8.884470750922977e-9
224.4	-8.784619879409865e-9
224.5	-8.674807659823204e-9
224.6	-8.555343409230426e-9
224.7	-8.426551040634967e-9
224.8	-8.28875731587623e-9
224.9	-8.142298973043888e-9
225.0	-7.987511359290589e-9
225.1	-7.824742458845587e-9
225.2	-7.654342590224247e-9
225.3	-7.476665313355286e-9
225.4	-7.292068264602989e-9
225.5	-7.1009146642529625e-9
225.6	-6.903565556891398e-9
225.7	-6.700386977835059e-9
225.8	-6.491747318232022e-9
225.9	-6.278016188514047e-9
226.0	-6.059559961914828e-9
226.1	-5.836747471608087e-9
226.2	-5.609948992876221e-9
226.3	-5.379531043833881e-9
226.4	-5.145859791508838e-9
226.5	-4.909300185349224e-9
226.6	-4.670212240296286e-9
226.7	-4.428954921282741e-9
226.8	-4.1858858967755625e-9
226.9	-3.941356969009517e-9
227.0	-3.6957160157183884e-9
227.1	-3.4493078176454798e-9
227.2	-3.2024701695659475e-9
227.3	-2.955536513740652e-9
227.4	-2.708835975795841e-9
227.5	-2.462690694774804e-9
227.6	-2.217418132516909e-9
227.7	-1.9733255719721878e-9
227.8	-1.7307172637721326e-9
227.9	-1.4898892295609578e-9
228.0	-1.25112846914922e-9
228.1	-1.014716746531065e-9
228.2	-7.809268052943621e-10
228.3	-5.500211845729581e-10
228.4	-3.2225995818988145e-10
228.5	-9.789110113058715e-11
228.6	1.2285021074075585e-10
228.7	3.397312362525143e-10
228.8	5.525306124935587e-10
228.9	7.610375251388036e-10
229.0	9.650480774650362e-10
229.1	1.1643683977662115e-9
229.2	1.3588156952016617e-9
229.3	1.5482158278813687e-9
229.4	1.7324043944283342e-9
229.5	1.911224111565641e-9
229.6	2.0845321347484198e-9
229.7	2.252192292283131e-9
229.8	2.414078984954858e-9
229.9	2.5700777718015817e-9
230.0	2.720080669240432e-9
230.1	2.8639927101044705e-9
230.2	3.0017271637060346e-9
230.3	3.133208324755869e-9
230.4	3.2583672007677805e-9
230.5	3.377147038918931e-9
230.6	3.4894989875063745e-9
230.7	3.5953843361539695e-9
230.8	3.6947725312530537e-9
230.9	3.787644842456218e-9
231.0	3.873989386672151e-9
231.1	3.953802865528446e-9
231.2	4.027091770742076e-9
231.3	4.093868886159139e-9
231.4	4.154157262859693e-9
231.5	4.207989353460535e-9
231.6	4.25540412305607e-9
231.7	4.296448930886052e-9
231.8	4.3311767120312544e-9
231.9	4.359650091077897e-9
232.0	4.381938078160636e-9
232.1	4.398117979961242e-9
232.2	4.408270608283143e-9
232.3	4.412486899337478e-9
232.4	4.41086284644999e-9
232.5	4.4034999868628725e-9
232.6	4.3905049860984965e-9
232.7	4.3719919389781915e-9
232.8	4.348080903922704e-9
232.9	4.318894458271266e-9
233.0	4.2845618676770616e-9
233.1	4.2452146155921534e-9
233.2	4.20099040748986e-9
233.3	4.1520316919199955e-9
233.4	4.098482186054977e-9
233.5	4.040491750749808e-9
233.6	3.978214614159141e-9
233.7	3.911801607694157e-9
233.8	3.8414137293856705e-9
233.9	3.7672105660263274e-9
234.0	3.6893540603204173e-9
234.1	3.6080091834581538e-9
234.2	3.5233426740355595e-9
234.3	3.4355215544455335e-9
234.4	3.344715762038138e-9
234.5	3.2510949745102124e-9
234.6	3.1548296391467115e-9
234.7	3.056091110362498e-9
234.8	2.955050244757628e-9
234.9	2.851878303861016e-9
235.0	2.7467464720329825e-9
235.1	2.639826037460699e-9
235.2	2.5312884569836843e-9
235.3	2.4213005922612474e-9
235.4	2.3100316323282584e-9
235.5	2.197646959310803e-9
235.6	2.084313842982065e-9
235.7	1.970194217200659e-9
235.8	1.855451733511118e-9
235.9	1.740244257756206e-9
236.0	1.6247302113713608e-9
236.1	1.5090638450642385e-9
236.2	1.3933987879117447e-9
236.3	1.2778825052874753e-9
236.4	1.1626631120517628e-9
236.5	1.047882130940413e-9
236.6	9.336837771238875e-10
236.7	8.202026572292136e-10
236.8	7.075729968859631e-10
236.9	5.959238291760923e-10
237.0	4.85384356937394e-10
237.1	3.760754580431311e-10
237.2	2.681150027597775e-10
237.3	1.6161938080568946e-10
237.4	5.669916667695171e-11
237.5	-4.653803454573395e-11
237.6	-1.4799168379253084e-10
237.7	-2.475607850118391e-10
237.8	-3.4515286777864706e-10
237.9	-4.40679363859008e-10
238.0	-5.34055007865447e-10
238.1	-6.251959600535848e-10
238.2	-7.140288278846457e-10
238.3	-8.004795956469577e-10
238.4	-8.844829631907919e-10
238.5	-9.659734123806012e-10
238.6	-1.0448956371634192e-9
238.7	-1.1211924314640071e-9
238.8	-1.1948169948422345e-9
238.9	-1.2657220739452038e-9
239.0	-1.3338670793527943e-9
239.1	-1.3992177210491579e-9
239.2	-1.4617408090559386e-9
239.3	-1.521408817260721e-9
239.4	-1.5781981034065897e-9
239.5	-1.6320895616995617e-9
239.6	-1.6830697467063806e-9
239.7	-1.7311257573838636e-9
239.8	-1.7762534521652451e-9
239.9	-1.8184494627179374e-9
240.0	-1.8577122926804919e-9
240.1	-1.8940493778174184e-9
240.2	-1.927467771071817e-9
240.3	-1.957979852357969e-9
240.4	-1.985602721011199e-9
240.5	-2.0103533032772176e-9
240.6	-2.0322564393394264e-9
240.7	-2.0513367885798786e-9
240.8	-2.0676238684459055e-9
240.9	-2.081151544244969e-9
241.0	-2.0919514819202994e-9
241.1	-2.1000635938734043e-9
241.2	-2.1055272918395322e-9
241.3	-2.108388783984587e-9
241.4	-2.1086907587811772e-9
241.5	-2.1064818457072243e-9
241.6	-2.101811714965715e-9
241.7	-2.094734390158939e-9
241.8	-2.0853030896701213e-9
241.9	-2.0735751957852318e-9
242.0	-2.0596089676698846e-9
242.1	-2.043464475085132e-9
242.2	-2.0252030030359197e-9
242.3	-2.004885014195364e-9
242.4	-1.982577217895637e-9
242.5	-1.9583445226485152e-9
242.6	-1.9322534262069294e-9
242.7	-1.9043698406430426e-9
242.8	-1.8747623385028857e-9
242.9	-1.8434988867456898e-9
243.0	-1.8106525918219279e-9
243.1	-1.7762919662620154e-9
243.2	-1.7404868094480688e-9
243.3	-1.7033063174381544e-9
243.4	-1.664822625217256e-9
243.5	-1.6251058032845283e-9
243.6	-1.5842286976880635e-9
243.7	-1.5422614010594238e-9
243.8	-1.4992729612539064e-9
243.9	-1.4553342154869242e-9
244.0	-1.4105139333165842e-9
244.1	-1.3648827351293254e-9
244.2	-1.3185075039043153e-9
244.3	-1.2714582605285769e-9
244.4	-1.2238015198816757e-9
244.5	-1.175603031491165e-9
244.6	-1.1269294441586598e-9
244.7	-1.0778417508014923e-9
244.8	-1.0284074078379327e-9
244.9	-9.786874578915194e-10
245.0	-9.287414889209177e-10
245.1	-8.786302423696524e-10
245.2	-8.284127612058297e-10
245.3	-7.781460207775728e-10
245.4	-7.278855792374078e-10
245.5	-6.77685272481081e-10
245.6	-6.275994230606325e-10
245.7	-5.776797830891516e-10
245.8	-5.279747199414444e-10
245.9	-4.785319583315285e-10
246.0	-4.293997790688886e-10
246.1	-3.806231721685267e-10
246.2	-3.3224669103017193e-10
246.3	-2.843079010265701e-10
246.4	-2.368505228894295e-10
246.5	-1.8991162317078352e-10
246.6	-1.4352850064103577e-10
246.7	-9.773672606318289e-11
246.8	-5.256995355316616e-11
246.9	-8.057759044637309e-12
247.0	3.576788910394966e-11
247.1	7.887979842313323e-11
247.2	1.212506574356711e-10
247.3	1.6285637504883424e-10
247.4	2.0367323348962514e-10
247.5	2.436793123453967e-10
247.6	2.828534268341435e-10
247.7	3.211792916656491e-10
247.8	3.5863891673464933e-10
247.9	3.952169003227816e-10
248.0	4.3089869996314505e-10
248.1	4.656741739740532e-10
248.2	4.995314030746163e-10
248.3	5.324617659905293e-10
248.4	5.644554034358241e-10
248.5	5.955078211924348e-10
248.6	6.256111357454575e-10
248.7	6.547635970746419e-10
248.8	6.829615632794232e-10
248.9	7.102023166210538e-10
249.0	7.364867799030254e-10
249.1	7.61815113811555e-10
249.2	7.861880122434499e-10
249.3	8.096113736173626e-10
249.4	8.320863833859827e-10
249.5	8.536181024269626e-10
249.6	8.742137934530823e-10
249.7	8.938789002772941e-10
249.8	9.126221491552789e-10
249.9	9.304517403780379e-10
250.0	9.473744981968714e-10
250.1	9.634026511733793e-10
250.2	9.785454929457271e-10
250.3	9.928145957434698e-10
250.4	1.0062218948866681e-9
250.5	1.0187813235630517e-9
250.6	1.0305036237642462e-9
250.7	1.0414011016525913e-9
250.8	1.0514893377725346e-9
250.9	1.060782146851506e-9
251.0	1.0692953270159595e-9
251.1	1.0770409985785575e-9
251.2	1.0840368184789116e-9
251.3	1.0902966585668567e-9
251.4	1.095837233067874e-9
251.5	1.1006756686031104e-9
251.6	1.1048233768259102e-9
251.7	1.1083008688000481e-9
251.8	1.1111246118091785e-9
251.9	1.1133082783836698e-9
252.0	1.1148715918975428e-9
252.1	1.1158294220061814e-9
252.2	1.1161963247045954e-9
252.3	1.1159925340806436e-9
252.4	1.1152334870393313e-9
252.5	1.1139354905754658e-9
252.6	1.1121137550268402e-9
252.7	1.1097867220733162e-9
252.8	1.1069700545915983e-9
252.9	1.1036787458574862e-9
253.0	1.0999289593636248e-9
253.1	1.0957379571927564e-9
253.2	1.0911199988600354e-9
253.3	1.0860915640180882e-9
253.4	1.0806668647065332e-9
253.5	1.0748611711636574e-9
253.6	1.0686894837336384e-9
253.7	1.062166155484332e-9
253.8	1.0553055542018027e-9
253.9	1.0481232585001192e-9
254.0	1.0406317734212351e-9
254.1	1.0328451834512312e-9
254.2	1.0247763814604013e-9
254.3	1.01643898050647e-9
254.4	1.007846725971948e-9
254.5	9.990094775964282e-10
254.6	9.899422609647357e-10
254.7	9.806563027649387e-10
254.8	9.71163110111039e-10
254.9	9.614750282667763e-10
255.0	9.516011456114837e-10
255.1	9.415537673523526e-10
255.2	9.313426070901032e-10
255.3	9.209801820385482e-10
255.4	9.104731999221141e-10
255.5	8.998347951778451e-10
255.6	8.890721694701609e-10
255.7	8.781960812907287e-10
255.8	8.672135776985807e-10
255.9	8.561339552853847e-10
256.0	8.449664528995682e-10
256.1	8.337191437473033e-10
256.2	8.223996123701826e-10
256.3	8.11014050991893e-10
256.4	7.995699111259555e-10
256.5	7.88077787620232e-10
256.6	7.765416674555781e-10
256.7	7.649691676078471e-10
256.8	7.533660530995254e-10
256.9	7.417388822600349e-10
257.0	7.300927135322798e-10
257.1	7.184342991505457e-10
257.2	7.067682784086558e-10
257.3	6.951007384134999e-10
257.4	6.834372775415271e-10
257.5	6.717824192635832e-10
257.6	6.601397350415411e-10
257.7	6.485150386997034e-10
257.8	6.369114095112837e-10
257.9	6.253331233954217e-10
258.0	6.137848042319284e-10
258.1	6.022711631104817e-10
258.2	5.907945378579901e-10
258.3	5.793585592184123e-10
258.4	5.679655624316723e-10
258.5	5.566197412824378e-10
258.6	5.453226285210532e-10
258.7	5.34078907994695e-10
258.8	5.228917396504605e-10
258.9	5.117618527535592e-10
259.0	5.006918967288539e-10
259.1	4.896842724404603e-10
259.2	4.787418117136948e-10
259.3	4.678662265447199e-10
259.4	4.5705831128722403e-10
259.5	4.463208904779613e-10
259.6	4.3565502173278034e-10
259.7	4.250635644201131e-10
259.8	4.14547760188681e-10
259.9	4.041072843165898e-10
260.0	3.937461527020635e-10
260.1	3.834642877773643e-10
260.2	3.7326324150679326e-10
260.3	3.63140975235504e-10
260.4	3.531025455276602e-10
260.5	3.431475094275666e-10
260.6	3.3327550019488786e-10
260.7	3.23488718162435e-10
260.8	3.13787391908943e-10
260.9	3.041716410882518e-10
261.0	2.9464261385586626e-10
261.1	2.8520133760957927e-10
261.2	2.758469452483157e-10
261.3	2.6658055013705684e-10
261.4	2.5740154956566647e-10
261.5	2.48311727206395e-10
261.6	2.393107864943542e-10
261.7	2.304000288998814e-10
261.8	2.2157697917090156e-10
261.9	2.1284242712457864e-10
262.0	2.0419734235857706e-10
262.1	1.9564277269042063e-10
262.2	1.871764773018923e-10
262.3	1.7880009060871454e-10
262.4	1.7051253863338576e-10
262.5	1.6231386099666502e-10
262.6	1.5420447115135877e-10
262.7	1.4618221412371234e-10
262.8	1.3824848453043654e-10
262.9	1.3040418552597359e-10
263.0	1.2264688988854389e-10
263.1	1.1497740001542667e-10
263.2	1.0739486672206398e-10
263.3	9.990049545991337e-11
263.4	9.249371259997944e-11
263.5	8.517272221437937e-11
263.6	7.793892977414938e-11
263.7	7.078995637400265e-11
263.8	6.372607348462607e-11
263.9	5.674811632802379e-11
264.0	4.9853481351192015e-11
264.1	4.304321778368425e-11
264.2	3.63167874829704e-11
264.3	2.9673440689997957e-11
264.4	2.311232279236948e-11
264.5	1.6633740338586236e-11
264.6	1.0237427773357062e-11
264.7	3.9228140830387264e-12
264.8	-2.3105626888349533e-12
264.9	-8.465037455826711e-12
265.0	-1.4539735663959157e-11
265.1	-2.0534562876415475e-11
265.2	-2.6450858293705247e-11
265.3	-3.228973978638154e-11
265.4	-3.804869770604963e-11
265.5	-4.373130245378901e-11
265.6	-4.9336952472625423e-11
265.7	-5.486545789654417e-11
265.8	-6.031856144934456e-11
265.9	-6.56965095034639e-11
266.0	-7.099922903671863e-11
266.1	-7.622743460789106e-11
266.2	-8.138324923575156e-11
266.3	-8.646478733719344e-11
266.4	-9.147422299106627e-11
266.5	-9.64122476428416e-11
266.6	-1.0127831802086532e-10
266.7	-1.060739178913832e-10
266.8	-1.1079885771238005e-10
266.9	-1.1545266788175977e-10
267.0	-1.2003714434384023e-10
267.1	-1.2455385963462282e-10
267.2	-1.2900016298538534e-10
267.3	-1.3337786789903055e-10
267.4	-1.376901411413756e-10
267.5	-1.4193560810874222e-10
267.6	-1.461148164301218e-10
267.7	-1.5022763155851627e-10
267.8	-1.5427465638161598e-10
267.9	-1.5825689656543792e-10
268.0	-1.62174435426625e-10
268.1	-1.660269049509677e-10
268.2	-1.6981553416271003e-10
268.3	-1.7354198403093127e-10
268.4	-1.77204712693537e-10
268.5	-1.808058046221893e-10
268.6	-1.8434504706245018e-10
268.7	-1.8782331427105653e-10
268.8	-1.912405126297387e-10
268.9	-1.945958085327075e-10
269.0	-1.9789257220398908e-10
269.1	-2.0113047240090068e-10
269.2	-2.043085149937438e-10
269.3	-2.0742707038346897e-10
269.4	-2.1048877972963088e-10
269.5	-2.1349294633016853e-10
269.6	-2.1643969179651518e-10
269.7	-2.1932907088034346e-10
269.8	-2.221621484760413e-10
269.9	-2.2493864845401726e-10
270.0	-2.276590655594976e-10
270.1	-2.3032459643937893e-10
270.2	-2.3293404073378716e-10
270.3	-2.354893375312203e-10
270.4	-2.379913449535894e-10
270.5	-2.4043837440679993e-10
270.6	-2.4283174196758865e-10
270.7	-2.451728644687901e-10
270.8	-2.474597621831755e-10
270.9	-2.496945015950426e-10
271.0	-2.518770108011751e-10
271.1	-2.540083766162275e-10
271.2	-2.5608905991642254e-10
271.3	-2.5811902835983873e-10
271.4	-2.6009762454278825e-10
271.5	-2.6202659377062546e-10
271.6	-2.639046808779161e-10
271.7	-2.657327392006886e-10
271.8	-2.67512293657642e-10
271.9	-2.692425281722777e-10
272.0	-2.7092507080927807e-10
272.1	-2.725576934935664e-10
272.2	-2.741425861431794e-10
272.3	-2.7567934525445265e-10
272.4	-2.771691781933581e-10
272.5	-2.7861139560667705e-10
272.6	-2.800074554356063e-10
272.7	-2.813560729565157e-10
272.8	-2.826588189421141e-10
272.9	-2.8391577548074976e-10
273.0	-2.85126158858221e-10
273.1	-2.8629056232759134e-10
273.2	-2.874096487315613e-10
273.3	-2.8848362877916027e-10
273.4	-2.8951366517300995e-10
273.5	-2.9049720206103575e-10
273.6	-2.914393841665273e-10
273.7	-2.923357245143742e-10
273.8	-2.9318760818805575e-10
273.9	-2.93996775131319e-10
274.0	-2.947628600490352e-10
274.1	-2.954850867548093e-10
274.2	-2.961646462361099e-10
274.3	-2.9680238950553914e-10
274.4	-2.973972452792604e-10
274.5	-2.979502000602503e-10
274.6	-2.984613104553149e-10
274.7	-2.989309313631086e-10
274.8	-2.9935889161518373e-10
274.9	-2.99745002070999e-10
275.0	-3.0009119628091673e-10
275.1	-3.0039614201518174e-10
275.2	-3.006604331951361e-10
275.3	-3.0088328829962176e-10
275.4	-3.0106619449916647e-10
275.5	-3.0120885803352686e-10
275.6	-3.0131270446982047e-10
275.7	-3.013751893479443e-10
275.8	-3.0139884911704173e-10
275.9	-3.013830433495363e-10
276.0	-3.01328333863743e-10
276.1	-3.012338123819972e-10
276.2	-3.011012959920606e-10
276.3	-3.009301727557924e-10
276.4	-3.007199777404062e-10
276.5	-3.004705227358165e-10
276.6	-3.001822308787408e-10
276.7	-2.998560829765306e-10
276.8	-2.994937230464675e-10
276.9	-2.9909309177461613e-10
277.0	-2.986546592605539e-10
277.1	-2.9817817040129387e-10
277.2	-2.9766563833347124e-10
277.3	-2.9711524718070164e-10
277.4	-2.965291909314024e-10
277.5	-2.959047520258519e-10
277.6	-2.952442028988473e-10
277.7	-2.945468430217638e-10
277.8	-2.9381265836347874e-10
277.9	-2.930429768101e-10
278.0	-2.9223716269918953e-10
278.1	-2.913942088574846e-10
278.2	-2.9051667215808883e-10
278.3	-2.8960260074510394e-10
278.4	-2.8865336442196653e-10
278.5	-2.8766877134753006e-10
278.6	-2.866476572318055e-10
278.7	-2.8559122332148026e-10
278.8	-2.84499219967322e-10
278.9	-2.8337250504594747e-10
279.0	-2.822115065309688e-10
279.1	-2.8101704584131697e-10
279.2	-2.7978507261491203e-10
279.3	-2.7852032364619473e-10
279.4	-2.7721994685973555e-10
279.5	-2.758849850501954e-10
279.6	-2.745163653354479e-10
279.7	-2.731131493528946e-10
279.8	-2.716772865388176e-10
279.9	-2.70207716765052e-10
280.0	-2.687037553600228e-10
280.1	-2.671653018998418e-10
280.2	-2.655922158037764e-10
280.3	-2.639857330923809e-10
280.4	-2.623460694636292e-10
280.5	-2.6067428894529925e-10
280.6	-2.58967764682324e-10
280.7	-2.5722860056445814e-10
280.8	-2.5545659555487187e-10
280.9	-2.5365086002150473e-10
281.0	-2.518122451106893e-10
281.1	-2.4994174732380634e-10
281.2	-2.4803717463831474e-10
281.3	-2.4610040774196435e-10
281.4	-2.441316452717752e-10
281.5	-2.4212819373982833e-10
281.6	-2.4009345171258456e-10
281.7	-2.380265312909735e-10
281.8	-2.359282592627102e-10
281.9	-2.3379673184664517e-10
282.0	-2.3163378202917037e-10
282.1	-2.2943788364045486e-10
282.2	-2.2721011352927965e-10
282.3	-2.2495077497404108e-10
282.4	-2.2266003804224418e-10
282.5	-2.203370221045172e-10
282.6	-2.1798205248293268e-10
282.7	-2.1559527876009025e-10
282.8	-2.1317582048085513e-10
282.9	-2.1072649032923345e-10
283.0	-2.0824456754061012e-10
283.1	-2.0573069919607925e-10
283.2	-2.0318618399915172e-10
283.3	-2.0060961493658408e-10
283.4	-1.9800196475374105e-10
283.5	-1.9536267269026695e-10
283.6	-1.926935343910142e-10
283.7	-1.8999240810061828e-10
283.8	-1.87261136852694e-10
283.9	-1.8449778450913928e-10
284.0	-1.8170363987569232e-10
284.1	-1.788802097968754e-10
284.2	-1.7602507485435822e-10
284.3	-1.7313968573170365e-10
284.4	-1.7022439878630248e-10
284.5	-1.67276681783866e-10
284.6	-1.6429890324367682e-10
284.7	-1.6129082468915232e-10
284.8	-1.58252351481684e-10
284.9	-1.55182218061775e-10
285.0	-1.5208327613718352e-10
285.1	-1.4895273104970298e-10
285.2	-1.457922665033014e-10
285.3	-1.426017103505542e-10
285.4	-1.393808033037759e-10
285.5	-1.3612986594721025e-10
285.6	-1.3284845291886394e-10
285.7	-1.295377618483089e-10
285.8	-1.2619599885436755e-10
285.9	-1.2282429363068552e-10
286.0	-1.194235130078765e-10
286.1	-1.1599145026007956e-10
286.2	-1.125303889733016e-10
286.3	-1.0903982471149825e-10
286.4	-1.0551976811158799e-10
286.5	-1.0197034713856743e-10
286.6	-9.83901405601445e-11
286.7	-9.478037804306088e-11
286.8	-9.114156257621252e-11
286.9	-8.747290193757361e-11
287.0	-8.3774595393223e-11
287.1	-8.004601670252514e-11
287.2	-7.628860582869378e-11
287.3	-7.25011764990051e-11
287.4	-6.868487009892265e-11
287.5	-6.483910155321508e-11
287.6	-6.096408021811227e-11
287.7	-5.7059001508599735e-11
287.8	-5.3126098330977444e-11
287.9	-4.9163685338291877e-11
288.0	-4.517140154004057e-11
288.1	-4.1150555952631094e-11
288.2	-3.710053493004549e-11
288.3	-3.302223657263833e-11
288.4	-2.891273144878848e-11
288.5	-2.4774946137432512e-11
288.6	-2.0607801448667256e-11
288.7	-1.641198197965778e-11
288.8	-1.2186222329555389e-11
288.9	-7.932554604866262e-12
289.0	-3.64988895000953e-12
289.1	6.61180799434209e-13
289.2	5.002155635798242e-12
289.3	9.371674294899371e-12
289.4	1.3769340559877359e-11
289.5	1.819516795279063e-11
289.6	2.264943346081875e-11
289.7	2.7133296992584185e-11
289.8	3.164618382986139e-11
289.9	3.618734322076071e-11
290.0	4.0758165932558534e-11
290.1	4.535610019232132e-11
290.2	4.998434136096028e-11
290.3	5.463888268580745e-11
290.4	5.932215521872883e-11
290.5	6.403473634947672e-11
290.6	6.877569735612686e-11
290.7	7.354597416509741e-11
290.8	7.834406994797191e-11
290.9	8.317030216244929e-11
291.0	8.802467112018703e-11
291.1	9.29078755852922e-11
291.2	9.781989390506626e-11
291.3	1.0275928318712703e-10
291.4	1.0772726787449739e-10
291.5	1.1272350217970928e-10
291.6	1.177480940933648e-10
291.7	1.228003127488863e-10
291.8	1.278822789076549e-10
291.9	1.3299170492615032e-10
292.0	1.3812909285247108e-10
292.1	1.4329480887489114e-10
292.2	1.4848864256658863e-10
292.3	1.537106129259382e-10
292.4	1.5895994002789951e-10
292.5	1.6423726277947357e-10
292.6	1.695437017341379e-10
292.7	1.7487645133472597e-10
292.8	1.802375150952956e-10
292.9	1.856272189122115e-10
293.0	1.91043988541779e-10
293.1	1.9648934154325228e-10
293.2	2.0196223296858969e-10
293.3	2.0746188588526621e-10
293.4	2.1299010609315866e-10
293.5	2.1854566316760726e-10
293.6	2.241299160573168e-10
293.7	2.2974187903707248e-10
293.8	2.353815809761041e-10
293.9	2.410499135689957e-10
294.0	2.467455276019969e-10
294.1	2.524686581553763e-10
294.2	2.5821983403843997e-10
294.3	2.6399849020321926e-10
294.4	2.698045204540048e-10
294.5	2.756392096883639e-10
294.6	2.8149921094297014e-10
294.7	2.87387993619437e-10
294.8	2.93304779766333e-10
294.9	2.9924816906365775e-10
295.0	3.052196951491373e-10
295.1	3.1121888156650866e-10
295.2	3.1724453653029956e-10
295.3	3.2329824035500956e-10
295.4	3.2937980543113963e-10
295.5	3.3548746446999976e-10
295.6	3.4162232837728525e-10
295.7	3.4778584702503305e-10
295.8	3.5397760165750866e-10
295.9	3.6019693708363224e-10
296.0	3.66442396871331e-10
296.1	3.7271597007602976e-10
296.2	3.7901718614596364e-10
296.3	3.8534550654604813e-10
296.4	3.9170113501651264e-10
296.5	3.9808399325086486e-10
296.6	4.0449376592338217e-10
296.7	4.1093112559189927e-10
296.8	4.173952496269068e-10
296.9	4.238859129830433e-10
297.0	4.304058877994918e-10
297.1	4.3695163736785633e-10
297.2	4.4352462629606423e-10
297.3	4.50124102216268e-10
297.4	4.567506645658082e-10
297.5	4.6340405686511743e-10
297.6	4.700857290422153e-10
297.7	4.767940663188448e-10
297.8	4.835309978133122e-10
297.9	4.90293973591005e-10
298.0	4.970839045820311e-10
298.1	5.039000302653503e-10
298.2	5.107431808075124e-10
298.3	5.176143191568243e-10
298.4	5.245104707392672e-10
298.5	5.314357364965154e-10
298.6	5.383869414166475e-10
298.7	5.453651238984246e-10
298.8	5.523703864617907e-10
298.9	5.594018037969675e-10
299.0	5.664601637033418e-10
299.1	5.735455242723001e-10
299.2	5.806577309795088e-10
299.3	5.877962887209854e-10
299.4	5.949632757163295e-10
299.5	6.021570142278791e-10
299.6	6.09376871376001e-10
299.7	6.166226378083001e-10
299.8	6.238963938109889e-10
299.9	6.311964106933423e-10
300.0	6.385223648682322e-10
