# t, ψ_r 
20.05	-0.04004927720289763
20.150000000000002	-0.0677733712183845
20.25	-0.09471043802581036
20.349999999999998	-0.12085764377101647
20.45	-0.14621247878846785
20.55	-0.17077276107767414
20.650000000000002	-0.19453663964062692
20.75	-0.21750259768616398
20.849999999999998	-0.23966945569248532
20.95	-0.26103637431111915
21.05	-0.28160285712645045
21.150000000000002	-0.30136875325385004
21.25	-0.32033425976674246
21.349999999999998	-0.33849992396068107
21.45	-0.3558666454391328
21.55	-0.37243567801780236
21.650000000000002	-0.38820863144359224
21.75	-0.40318747291942664
21.849999999999998	-0.4173745284423672
21.95	-0.43077248392961165
22.05	-0.4433843861388719
22.150000000000002	-0.45521364338778664
22.25	-0.4662640260451664
22.349999999999998	-0.4765396668076734
22.45	-0.48604506075140197
22.55	-0.4947850651470536
22.650000000000002	-0.5027648990511425
22.75	-0.5099901426507143
22.849999999999998	-0.5164667363654019
22.95	-0.5222009797079487
23.05	-0.5271995298892159
23.150000000000002	-0.5314694001710553
23.25	-0.5350179579628336
23.349999999999998	-0.5378529226545228
23.45	-0.5399823631866993
23.55	-0.541414695356688
23.650000000000002	-0.542158678850572
23.75	-0.5422234140059375
23.849999999999998	-0.5416183383019431
23.95	-0.5403532225705341
24.05	-0.5384381669322779
24.150000000000002	-0.5358835964527767
24.25	-0.5327002565182883
24.349999999999998	-0.5288992079308739
24.45	-0.5244918217219089
24.55	-0.5194897736848372
24.650000000000002	-0.5139050386234199
24.75	-0.507749884320977
24.849999999999998	-0.5010368652290462
24.95	-0.4937788158734191
25.05	-0.48598884398334924
25.150000000000002	-0.47768032334537847
25.25	-0.468866886379001
25.349999999999998	-0.4595624164408533
25.45	-0.449781039860769
25.55	-0.4395371177091489
25.650000000000002	-0.42884523729837953
25.75	-0.41772020343003335
25.849999999999998	-0.4061770293812095
25.95	-0.3942309276419176
26.05	-0.3818973004069524
26.150000000000002	-0.3691917298196256
26.25	-0.35612996799360797
26.349999999999998	-0.34272792679261777
26.45	-0.32900166738744424
26.55	-0.31496738960584847
26.650000000000002	-0.30064142106396113
26.75	-0.2860402060980797
26.849999999999998	-0.27118029450262054
26.95	-0.2560783300824828
27.05	-0.24075103902546136
27.150000000000002	-0.2252152181073169
27.25	-0.20948772274197908
27.349999999999998	-0.1935854548694945
27.45	-0.17752535071617564
27.55	-0.16132436842042588
27.650000000000002	-0.14499947553645334
27.75	-0.12856763643762217
27.849999999999998	-0.11204579961188933
27.95	-0.09545088487997665
28.05	-0.07879977053605454
28.150000000000002	-0.06210928042694931
28.25	-0.04539617098326488
28.35	-0.028677118209946135
28.45	-0.011968704657764275
28.55	0.0047125936210400355
28.650000000000002	0.021350420113940904
28.75	0.0379285508707308
28.85	0.05443090750259614
28.95	0.07084157013492441
29.05	0.08714479030250348
29.150000000000002	0.10332500377735715
29.25	0.11936684330950312
29.35	0.1352551512692473
29.45	0.15097499217406943
29.55	0.16651166509364485
29.650000000000002	0.18185071590866514
29.75	0.19697794940780616
29.85	0.2118794412241758
29.95	0.22654154958256803
30.05	0.24095092684233907
30.150000000000002	0.2550945308292529
30.25	0.2689596359429954
30.35	0.28253384401920106
30.45	0.29580509493422
30.55	0.3087616769402947
30.650000000000002	0.3213922367178142
30.75	0.33368578913477587
30.85	0.3456317266860256
30.95	0.3572198286177195
31.05	0.3684402697154816
31.150000000000002	0.37928362873854093
31.25	0.38974089649908505
31.35	0.3998034835679135
31.45	0.40946322759480924
31.55	0.4187124002349499
31.650000000000002	0.4275437136707219
31.75	0.43595032671861483
31.85	0.4439258505096768
31.95	0.45146435373271143
32.05	0.45856036743860196
32.15	0.46520888938940314
32.25	0.4714053879463919
32.35	0.47714580549406804
32.45	0.4824265613880624
32.55	0.48724455442074316
32.65	0.4915971648021835
32.75	0.49548225565056964
32.85	0.4988981739852864
32.95	0.5018437512189692
33.05	0.5043183031486216
33.15	0.506321629438636
33.25	0.5078540125972991
33.35	0.5089162164431497
33.45	0.5095094840610147
33.55	0.5096355352489449
33.65	0.5092965634536728
33.75	0.5084952321998129
33.85	0.5072346710119968
33.95	0.5055184708327066
34.05	0.5033506789407597
34.15	0.5007357933729429
34.25	0.49767875685544827
34.35	0.4941849502475848
34.45	0.4902601855058441
34.55	0.4859106981755112
34.65	0.4811431394166972
34.75	0.47596456757231026
34.85	0.4703824392861611
34.95	0.46440460018268975
35.05	0.45803927511894243
35.15	0.45129505801524417
35.25	0.4441809012784149
35.35	0.43670610483308864
35.45	0.42888030476694156
35.55	0.42071346160744644
35.65	0.4122158482407878
35.75	0.40339803749168907
35.85	0.3942708893758854
35.95	0.38484553803597793
36.05	0.3751333783854908
36.150000000000006	0.3651460524736055
36.25	0.3548954355833649
36.35	0.3443936220815377
36.45	0.33365291104493694
36.55	0.322685791673155
36.650000000000006	0.31150492850556283
36.75	0.3001231464651116
36.85	0.28855341574622784
36.95	0.2768088365682852
37.05	0.264902623803242
37.150000000000006	0.2528480915134984
37.25	0.24065863740675839
37.35	0.22834772722899038
37.45	0.21592887912429215
37.55	0.20341564796764983
37.650000000000006	0.19082160970637066
37.75	0.1781603457156727
37.85	0.16544542719474584
37.95	0.15269039962786343
38.05	0.13990876732402885
38.150000000000006	0.1271139780533381
38.25	0.11431940780421038
38.35	0.10153834568538089
38.45	0.08878397897732145
38.55	0.07606937836821605
38.650000000000006	0.06340748338530257
38.75	0.05081108803679308
38.85	0.038292826692134144
38.95	0.02586516021179796
39.05	0.013540362342926203
39.150000000000006	0.0013305064046996958
39.25	-0.010752547724607146
39.35	-0.02269716630340501
39.45	-0.034491954087034135
39.55	-0.04612576633895179
39.650000000000006	-0.05758772047319531
39.75	-0.06886720732265876
39.85	-0.07995390201324176
39.95	-0.09083777443046706
40.05	-0.10150909926914634
40.150000000000006	-0.11195846565116674
40.25	-0.12217678630517781
40.35	-0.13215530629037817
40.45	-0.14188561125910162
40.55	-0.15135963524901258
40.650000000000006	-0.1605696679958338
40.75	-0.16950836175642017
40.85	-0.1781687376371829
40.95	-0.18654419142360182
41.05	-0.1946284989005997
41.150000000000006	-0.2024158206620134
41.25	-0.2099007064023611
41.35	-0.21707809869157862
41.45	-0.22394333622801707
41.55	-0.2304921565651638
41.650000000000006	-0.23672069831499776
41.75	-0.24262550282550022
41.85	-0.24820351533418708
41.95	-0.25345208559646654
42.05	-0.2583689679928751
42.150000000000006	-0.26295232111826633
42.25	-0.2672007068528871
42.35	-0.27111308892441616
42.45	-0.2746888309612053
42.55	-0.27792769404504203
42.650000000000006	-0.2808298337699409
42.75	-0.2833957968122745
42.85	-0.28562651701926806
42.95	-0.28752331102782835
43.05	-0.2890878734199378
43.150000000000006	-0.29032227142175754
43.25	-0.2912289391626957
43.35	-0.29181067150067047
43.45	-0.2920706174254163
43.55	-0.2920122730531318
43.650000000000006	-0.2916394742235167
43.75	-0.29095638871336454
43.85	-0.28996750807869387
43.95	-0.2886776391402036
44.05	-0.2870918951261305
44.150000000000006	-0.2852156864865294
44.25	-0.2830547113957125
44.35	-0.280614945956211
44.45	-0.27790263412064137
44.55	-0.27492427734923386
44.650000000000006	-0.27168662401606475
44.75	-0.2681966585839905
44.85	-0.26446159056285573
44.95	-0.26048884326815575
45.05	-0.25628604239854674
45.150000000000006	-0.2518610044481692
45.25	-0.24722172497271008
45.35	-0.24237636672427046
45.45	-0.23733324767390573
45.55	-0.23210082894172415
45.650000000000006	-0.22668770264800528
45.75	-0.22110257970466338
45.85	-0.2153542775658591
45.95	-0.2094517079529049
46.05	-0.20340386457370235
46.150000000000006	-0.19721981084762547
46.25	-0.19090866766264467
46.35	-0.18447960117273396
46.45	-0.1779418106549376
46.55	-0.17130451644778621
46.650000000000006	-0.1645769479758544
46.75	-0.1577683318866114
46.85	-0.15088788031247927
46.95	-0.14394477926938504
47.05	-0.13694817721037983
47.150000000000006	-0.12990717374882768
47.25	-0.12283080856369352
47.35	-0.11572805050173181
47.45	-0.1086077868893212
47.55	-0.10147881306592083
47.650000000000006	-0.0943498221545716
47.75	-0.08722939507925899
47.85	-0.08012599083880376
47.95	-0.07304793705154257
48.05	-0.06600342078098588
48.150000000000006	-0.05900047965135775
48.25	-0.05204699325876306
48.35	-0.045150674894385644
48.45	-0.038319063585910765
48.55	-0.031559516458269904
48.650000000000006	-0.0248792014281246
48.75	-0.018285090238967693
48.85	-0.011783951837121276
48.95	-0.00538234610041668
49.05	0.0009133820800896999
49.150000000000006	0.007097108358683831
49.25	0.013162934129729596
49.35	0.01910519135647455
49.45	0.0249184470309921
49.55	0.030597507263124647
49.650000000000006	0.03613742099710739
49.75	0.04153348335472515
49.85	0.04678123860175788
49.95	0.051876482745886646
50.05	0.05681526575762402
50.150000000000006	0.06159389341896356
50.25	0.06620892880545962
50.35	0.07065719339908531
50.45	0.07493576783301571
50.55	0.07904199227997603
50.650000000000006	0.08297346647938025
50.75	0.08672804941148324
50.85	0.09030385862473
50.95	0.09369926921633819
51.05	0.09691291247851322
51.150000000000006	0.0999436742098034
51.25	0.10279069270255459
51.35	0.10545335641372318
51.45	0.10793130132121806
51.55	0.11022440797829798
51.650000000000006	0.11233279827378767
51.75	0.11425683190310874
51.85	0.11599710256204768
51.95	0.11755443387061561
52.05	0.11892987503615388
52.150000000000006	0.1201246962671522
52.25	0.121140383944045
52.35	0.12197863555951448
52.45	0.12264135443891966
52.55	0.12313064424898847
52.650000000000006	0.12344880330666529
52.75	0.12359831869900073
52.85	0.12358186022437984
52.95	0.1234022741660493
53.05	0.12306257690955826
53.150000000000006	0.12256594841457177
53.25	0.12191572555235627
53.35	0.12111539532131307
53.45	0.12016858794986503
53.55	0.11907906989927715
53.650000000000006	0.11785073677815028
53.75	0.11648760617869866
53.85	0.11499381044614033
53.95	0.11337358939322136
54.05	0.11163128297057773
54.150000000000006	0.1097713239036886
54.25	0.10779823030739911
54.35	0.10571659828876803
54.45	0.10353109454979094
54.55	0.10124644899865236
54.650000000000006	0.09886744738191572
54.75	0.09639892394643074
54.85	0.09384575414110954
54.95	0.09121284736960648
55.05	0.08850513980097753
55.150000000000006	0.08572758725060999
55.25	0.08288515813858485
55.35	0.07998282653492636
55.45	0.07702556529994656
55.55	0.07401833932890248
55.650000000000006	0.07096609890872677
55.75	0.06787377319409701
55.85	0.06474626381063275
55.95	0.06158843859321734
56.05	0.0584051254652868
56.150000000000006	0.05520110646584784
56.25	0.0519811119315953
56.35	0.0487498148386622
56.45	0.045511825310715764
56.55	0.042271685298197144
56.650000000000006	0.039033863434249465
56.75	0.03580275007102422
56.85	0.03258265250183008
56.95	0.02937779037298491
57.05	0.02619229128754338
57.150000000000006	0.023030186606814433
57.25	0.01989540745022127
57.35	0.0167917808972762
57.45	0.01372302639556141
57.55	0.01069275237271829
57.650000000000006	0.007704453057970518
57.75	0.004761505513093817
57.85	0.00186716687329645
57.95	-0.0009754282006242454
58.05	-0.003763269858439944
58.150000000000006	-0.006493475184988939
58.25	-0.00916329011388945
58.35	-0.011770091129454478
58.45	-0.014311386759323393
58.55	-0.016784818858760743
58.650000000000006	-0.019188163686809177
58.75	-0.02151933277626118
58.85	-0.023776373600825466
58.95	-0.02595747004106833
59.05	-0.02806094265046281
59.150000000000006	-0.030085248725236925
59.25	-0.032028982181688724
59.35	-0.033890873243018496
59.45	-0.03566978793946416
59.55	-0.03736472742584515
59.650000000000006	-0.038974827119791694
59.75	-0.04049935566505197
59.85	-0.04193771372427751
59.95	-0.04328943260525321
60.05	-0.044554172725447136
60.150000000000006	-0.04573172192041002
60.25	-0.046821993599100796
60.35	-0.04782502475274394
60.45	-0.04874097382244735
60.55	-0.0495701184300161
60.650000000000006	-0.05031285297789494
60.75	-0.05096968612377343
60.85	-0.05154123813504621
60.95	-0.052028238129903676
61.05	-0.052431521209942517
61.150000000000006	-0.05275202548980579
61.25	-0.052990789031019774
61.35	-0.05314894668493875
61.45	-0.053227726851197
61.55	-0.05322844815757635
61.650000000000006	-0.05315251606737874
61.75	-0.05300141942029886
61.85	-0.05277672691276574
61.95	-0.052480083523948354
62.05	-0.05211320689321816
62.150000000000006	-0.05167788365530757
62.25	-0.05117596573883865
62.35	-0.050609366634233044
62.45	-0.04998005763672381
62.55	-0.049290064070692904
62.650000000000006	-0.04854146150063479
62.75	-0.04773637193398892
62.85	-0.046876960022625445
62.95	-0.04596542926735297
63.05	-0.045004018231276595
63.150000000000006	-0.0439949967668953
63.25	-0.04294066226294726
63.35	-0.04184333591535311
63.45	-0.0407053590269746
63.55	-0.03952908934171073
63.650000000000006	-0.03831689741749272
63.75	-0.037071163042395966
63.85	-0.035794271697854874
63.95	-0.034488611074739606
64.05	-0.03315656764476206
64.15	-0.03180052329204759
64.25	-0.03042285200905088
64.35	-0.02902591665939828
64.45	-0.027612065811956445
64.55	-0.026183630648982076
64.65	-0.0247429219524603
64.75	-0.0232922271705539
64.85	-0.021833807567113547
64.95	-0.02036989545814872
65.05	-0.01890269153602433
65.15	-0.017434362285069352
65.25	-0.015967037490251784
65.35	-0.014502807840821336
65.45	-0.013043722630736903
65.55	-0.011591787557770076
65.65	-0.010148962623161652
65.75	-0.008717160132087612
65.85	-0.007298242796640963
65.95	-0.005894021942134709
66.05	-0.0045062558185784305
66.15	-0.003136648016726209
66.25	-0.0017868459888567888
66.35	-0.00045843967592445686
66.45	0.0008470397587211452
66.55	0.0021281210910290894
66.65	0.003383394091233253
66.75	0.004611510473295029
66.85	0.005811184739913697
66.95	0.006981194922231276
67.05	0.008120383216568747
67.15	0.009227656517623124
67.25	0.010301986850062762
67.35	0.011342411699771082
67.45	0.012348034244634338
67.55	0.013318023487760837
67.65	0.014251614294158197
67.75	0.015148107332432843
67.85	0.0160068689224898
67.95	0.016827330792419312
68.05	0.017608989745893113
68.15	0.018351407241484676
68.25	0.019054208886867676
68.35	0.019717083849818153
68.45	0.02033978418830966
68.55	0.020922124101643062
68.65	0.02146397910613487
68.75	0.02196528513663091
68.85	0.02242603757681739
68.95	0.022846290221690223
69.05	0.023226154173766216
69.15	0.02356579667628433
69.25	0.023865439886489093
69.35	0.024125359590994322
69.45	0.02434588386676099
69.55	0.02452739169027569
69.65	0.024670311498033243
69.75	0.024775119700914273
69.85	0.024842339155503327
69.95	0.02487253759571653
70.05	0.02486632602697622
70.15	0.024824357086398623
70.25	0.024747323371929572
70.35	0.02463595574302319
70.45	0.024491021596225883
70.55	0.024313323118247965
70.65	0.024103695519757464
70.75	0.02386300525245157
70.85	0.02359214821243201
70.95	0.02329204793278952
71.05	0.02296365376795526
71.15	0.022607939072878183
71.25	0.022225899379395068
71.35	0.021818550572804706
71.45	0.021386927071197635
71.55	0.020932080009694647
71.65	0.02045507543280064
71.75	0.019956992497038122
71.85	0.019438921685965605
71.95	0.018901963040318562
72.05	0.018347224405702346
72.15	0.01777581969953013
72.25	0.017188867199608642
72.35	0.016587487856853593
72.45	0.015972803633467134
72.55	0.015345935868964471
72.65	0.014708003675757112
72.75	0.01406012236620001
72.85	0.013403401912863325
72.95	0.012738945443401468
73.05	0.012067847771649228
73.15	0.01139119396676755
73.25	0.01071005796158582
73.35	0.010025501201194659
73.45	0.009338571333700271
73.55	0.008650300943577504
73.65	0.007961706328928059
73.75	0.0072737863243458505
73.85	0.006587521169006372
73.95	0.0059038714216333495
74.05	0.005223776923263839
74.15	0.004548155807776337
74.25	0.0038779035612259965
74.35	0.0032138921305414746
74.45	0.0025569690816682087
74.55	0.0019079568078097324
74.65	0.0012676517878410184
74.75	0.0006368238950967648
74.85	1.6215757057568734e-5
74.95	-0.0005934578350981114
75.05	-0.0011915104657266972
75.15	-0.0017772845836683216
75.25	-0.0023501519413120543
75.35	-0.0029095139833365397
75.45	-0.003454802185818901
75.55	-0.0039854783461184895
75.65	-0.0045010348239164985
75.75	-0.005000994733887302
75.85	-0.005484912090723444
75.95	-0.005952371906884583
76.05	-0.006402990243963268
76.15	-0.00683641421841849
76.25	-0.007252321962508708
76.35	-0.00765042254086002
76.45	-0.008030455824173896
76.55	-0.008392192320770517
76.65	-0.008735432966555795
76.75	-0.009060008875125154
76.85	-0.009365781048823487
76.95	-0.009652640051449026
77.05	-0.009920505644256738
77.15	-0.010169326386431612
77.25	-0.010399079200919353
77.35	-0.010609768906900323
77.45	-0.010801427720459781
77.55	-0.01097411472461354
77.65	-0.011127915309692685
77.75	-0.01126294058586144
77.85	-0.011379326768818549
77.95	-0.011477234540138196
78.05	-0.011556848383698439
78.15	-0.011618375899425645
78.25	-0.011662047095842214
78.35	-0.011688113662751673
78.45	-0.011696848225539213
78.55	-0.01168854358246388
78.65	-0.011663511926275872
78.75	-0.01162208405167634
78.85	-0.011564608549912429
78.95	-0.011491450991934438
79.05	-0.011402993101541858
79.15	-0.0112996319197623
79.25	-0.011181778961994541
79.35	-0.011049859369170596
79.45	-0.010904311054195108
79.55	-0.01074558384512633
79.65	-0.010574138626290046
79.75	-0.01039044647865137
79.85	-0.010194987820684497
79.95	-0.009988251550933983
80.05	-0.009770734193529597
80.15	-0.009542939047859538
80.25	-0.00930537534343233
80.35	-0.009058557401178714
80.45	-0.008803003802319909
80.55	-0.008539236565577481
80.65	-0.008267780334235215
80.75	-0.007989161573720873
80.85	-0.007703907780590956
80.95	-0.007412546704271987
81.05	-0.007115605582072418
81.15	-0.0068136103884640226
81.25	-0.006507085099515838
81.35	-0.006196550973219183
81.45	-0.005882525846501376
81.55	-0.005565523449514658
81.65	-0.005246052738034693
81.75	-0.004924617244633153
81.85	-0.004601714449098942
81.95	-0.004277835168665947
82.05	-0.003953462968667068
82.15	-0.003629073594227692
82.25	-0.0033051344231228236
82.35	-0.002982103940453435
82.45	-0.0026604312353748294
82.55	-0.0023405555204029658
82.65	-0.0020229056733698236
82.75	-0.0017078998024414444
82.85	-0.0013959448343498365
82.95	-0.0010874361259713638
83.05	-0.0007827570996481379
83.15	-0.00048227890188775403
83.25	-0.00018636008597724783
83.35	0.00010465368154000041
83.45	0.00039042989082773165
83.55	0.0006706494349036832
83.65	0.0009450068320289852
83.75	0.0012132104245842724
83.85	0.0014749825546182458
83.95	0.0017300597158405801
84.05	0.001978192682758358
84.15	0.0022191466169420647
84.25	0.002452701150518132
84.35	0.00267865044754344
84.45	0.0028968032431471204
84.55	0.0031069828611434785
84.65	0.0033090272102615633
84.75	0.0035027887594491023
84.85	0.0036881344926158
84.95	0.0038649458432628288
85.05	0.004033118609529371
85.15	0.004192562850008896
85.25	0.00434320276086268
85.35	0.004484976534737892
85.45	0.004617836202109975
85.55	0.004741747455496867
85.65	0.004856689456965723
85.75	0.00496265462989518
85.85	0.005059648435219888
85.95	0.0051476891328178015
86.05	0.0052268075287618555
86.15	0.005297046709067875
86.25	0.005358461760368915
86.35	0.005411119478286268
86.45	0.0054550980642299055
86.55	0.005490486811018307
86.65	0.005517385778213321
86.75	0.005535905457683397
86.85	0.0055461664300621265
86.95	0.005548299012851804
87.05	0.005542442900702516
87.15	0.005528746798623934
87.25	0.005507368048707761
87.35	0.005478472251055134
87.45	0.005442232879595566
87.55	0.005398830893340094
87.65	0.0053484543438069845
87.75	0.005291297979197414
87.85	0.005227562845975721
87.95	0.00515745588847385
88.05	0.005081189547078198
88.15	0.004998981355729307
88.25	0.004911053539171673
88.35	0.004817632610639651
88.45	0.004718948970545527
88.55	0.004615236506656085
88.65	0.0045067321964138
88.75	0.004393675711856025
88.85	0.004276309027648484
88.95	0.004154876032830281
89.05	0.0040296221466906874
89.15	0.003900793939270984
89.25	0.0037686387569234613
89.35	0.0036334043534471424
89.45	0.0034953385272081215
89.55	0.00335468876461084
89.65	0.0032117018903998255
89.75	0.0030666237250558614
89.85	0.002919698749790213
89.95	0.002771169779468255
90.05	0.002621277643602481
90.15	0.002470260875983394
90.25	0.002318355413119179
90.35	0.0021657943017067533
90.45	0.0020128074155510464
90.55	0.0018596211820138182
90.65	0.001706458318267622
90.75	0.0015535375776373473
90.85	0.0014010735061072105
90.95	0.001249276209197085
91.05	0.0010983511293934252
91.15	0.0009484988341986993
91.25	0.0007999148149803803
91.35	0.0006527892967227732
91.45	0.0005073070586783775
91.55	0.00036364726599903544
91.65	0.00022198331249837375
91.75	8.248267450024673e-5
91.85	-5.4693224307528667e-5
91.95	-0.000189389136820826
92.05	-0.00032145610543527896
92.15	-0.0004507515639528348
92.25	-0.0005771394284769399
92.35	-0.0007004901773609759
92.45	-0.0008206809203213027
92.55	-0.0009375954568977987
92.65	-0.0010511243241349884
92.75	-0.001161164833831839
92.85	-0.0012676210993818463
92.95	-0.0013704040524047752
93.05	-0.0014694314492874744
93.15	-0.0015646278677834836
93.25	-0.0016559246939786877
93.35	-0.0017432600996310583
93.45	-0.001826579010233463
93.55	-0.0019058330639649527
93.65	-0.00198098056174361
93.75	-0.002051986408608356
93.85	-0.002118822046694183
93.95	-0.002181465380009025
94.05	-0.002239900691337735
94.15	-0.0022941185514438103
94.25	-0.002344115720870116
94.35	-0.002389895044692625
94.45	-0.0024314653403693636
94.55	-0.0024688412790362306
94.65	-0.0025020432605712003
94.75	-0.002531097282669176
94.85	-0.002556034804223776
94.95	-0.0025768926033388063
95.05	-0.002593712630246794
95.15	-0.0026065418554635273
95.25	-0.002615432113452117
95.35	-0.00262043994211594
95.45	-0.002621626418448212
95.55	-0.0026190569905786814
95.65	-0.0026128013065975417
95.75	-0.0026029330404170738
95.85	-0.0025895297149747913
95.95	-0.002572672523108296
96.05	-0.002552446146362078
96.15	-0.002528938572042979
96.25	-0.0025022409088232864
96.35	-0.002472447201182323
96.45	-0.00243965424294908
96.55	-0.002403961390257901
96.65	-0.0023654703741845676
96.75	-0.0023242851133354623
96.85	-0.0022805115266634067
96.95	-0.0022342573467713095
97.05	-0.002185631933951681
97.15	-0.0021347460912502477
97.25	-0.002081711880767073
97.35	-0.0020266424414379027
97.45	-0.0019696518085287585
97.55	-0.0019108547351270298
97.65	-0.0018503665157595056
97.75	-0.001788302812398961
97.85	-0.0017247794830773167
97.95	-0.001659912413282188
98.05	-0.0015938173503273843
98.15	-0.0015266097409108558
98.25	-0.0014584045719839935
98.35	-0.0013893162151138896
98.45	-0.0013194582745907515
98.55	-0.0012489434392680548
98.65	-0.0011778833383885268
98.75	-0.0011063884015401265
98.85	-0.0010345677227858404
98.95	-0.0009625289291931594
99.05	-0.0008903780537464777
99.15	-0.0008182194128513946
99.25	-0.0007461554884942979
99.35	-0.0006742868151102546
99.45	-0.000602711871253647
99.55	-0.000531526976177757
99.65	-0.0004608261913026274
99.75	-0.00039070122669511117
99.85	-0.000321241352587441
99.95	-0.00025253331594859583
100.05	-0.0001846612621650452
100.15	-0.00011770666177110169
100.25	-5.1748242409407665e-5
100.35	1.3138074153476037e-5
100.45	7.687922986537749e-5
100.55	0.00013940508310594248
100.65	0.00020064845630842303
100.75	0.000260545178482693
100.85	0.0003190341227419511
100.95	0.000376057238774675
101.05	0.0004315595803728094
101.15	0.000485489328070626
101.25	0.0005377978068516648
101.35	0.0005884394991571173
101.45	0.0006373720531352466
101.55	0.0006845562861992209
101.65	0.0007299561840548025
101.75	0.000773538895243473
101.85	0.0008152747212646776
101.95	0.000855137102397113
102.05	0.0008931025993260594
102.15	0.0009291508706753007
102.25	0.0009632646464861465
102.35	0.0009954296978766657
102.45	0.001025634802907513
102.55	0.0010538717087522347
102.65	0.0010801350903831865
102.75	0.0011044225058258336
102.85	0.001126734348104601
102.95	0.0011470737940624982
103.05	0.0011654467501345848
103.15	0.0011818617952144054
103.25	0.0011963301207864247
103.35	0.0012088654684067669
103.45	0.0012194840646885194
103.55	0.0012282045539701106
103.65	0.0012350479287258848
103.75	0.0012400374579260385
103.85	0.0012431986134607011
103.95	0.0012445589947586348
104.05	0.0012441482517471705
104.15	0.001241998006322169
104.25	0.0012381417724116304
104.35	0.0012326148748092274
104.45	0.0012254543669195622
104.55	0.0012166989475225192
104.65	0.0012063888767265222
104.75	0.0011945658912154052
104.85	0.0011812731189434283
104.95	0.0011665549933967633
105.05	0.0011504571675596694
105.15	0.0011330264277029478
105.25	0.0011143106071430206
105.35	0.0010943585000484878
105.45	0.0010732197754714768
105.55	0.0010509448916907673
105.65	0.0010275850109747367
105.75	0.001003191914896827
105.85	0.0009778179203104532
105.95	0.0009515157960797158
106.05	0.0009243386806835022
106.15	0.0008963400007814267
106.25	0.0008675733908393258
106.35	0.0008380926139329986
106.45	0.0008079514837888132
106.55	0.0007772037881568585
106.65	0.0007459032136233478
106.75	0.0007141032719156378
106.85	0.000681857227785887
106.95	0.00064921802855524
107.05	0.0006162382353613917
107.15	0.000582969956228241
107.25	0.0005494647809441138
107.35	0.0005157737178831398
107.45	0.00048194713276923613
107.55	0.00044803468945952483
107.65	0.0004140852927983269
107.75	0.0003801470335392715
107.85	0.00034626713544706224
107.95	0.0003124919045800122
108.05	0.00027886668073936365
108.14999999999999	0.00024543579119924686
108.25	0.0002122425066808687
108.35	0.00017932899960189312
108.45	0.0001467363046476179
108.55	0.00011450428163496548
108.64999999999999	8.26715807077557e-5
108.75	5.1275609869335676e-5
108.85	2.0352504829542953e-5
108.95	-1.0062898806501212e-5
109.05	-3.993709100513633e-5
109.14999999999999	-6.923791046995499e-5
109.25	-9.793456549880212e-5
109.35	-0.0001259976525260754
109.45	-0.0001533991723789686
109.55	-0.00018011254428258017
109.64999999999999	-0.00020611261762707307
109.75	-0.00023137568149920651
109.85	-0.00025587947203568743
109.95	-0.00027960317761953644
110.05	-0.00030252744193392194
110.14999999999999	-0.00032463436493905523
110.25	-0.0003459075017798812
110.35	-0.00036633185968237066
110.45	-0.0003858938928868938
110.55	-0.0004045814956189376
110.64999999999999	-0.00042238399319964267
110.75	-0.00043929213131024505
110.85	-0.00045529806346198293
110.95	-0.0004703953367255614
111.05	-0.0004845788757804895
111.14999999999999	-0.0004978449653140194
111.25	-0.0005101912308591746
111.35	-0.0005216166180911667
111.45	-0.0005321213706656368
111.55	-0.0005417070066536554
111.64999999999999	-0.000550376293609627
111.75	-0.0005581332223568485
111.85	-0.0005649829795486975
111.95	-0.0005709319190598337
112.05	-0.0005759875322511593
112.14999999999999	-0.000580158417215434
112.25	-0.0005834542470196375
112.35	-0.0005858857370370333
112.45	-0.0005874646114148724
112.55	-0.0005882035687502002
112.64999999999999	-0.0005881162470278544
112.75	-0.0005872171878872333
112.85	-0.0005855218002902504
112.95	-0.0005830463236267626
113.05	-0.0005798077903452946
113.14999999999999	-0.0005758239881532272
113.25	-0.0005711134218655412
113.35	-0.0005656952749284383
113.45	-0.0005595893707120947
113.55	-0.0005528161336183114
113.64999999999999	-0.0005453965500525978
113.75	-0.0005373521293242318
113.85	-0.000528704864530106
113.95	-0.0005194771934843924
114.05	-0.0005096919597248189
114.14999999999999	-0.0004993723736750494
114.25	-0.0004885419740033411
114.35	-0.00047722458921159965
114.45	-0.000465444299542425
114.55	-0.00045322539920572574
114.64999999999999	-0.0004405923589989068
114.75	-0.0004275697893709589
114.85	-0.00041418240395012804
114.95	-0.00040045498359591637
115.05	-0.00038641234100335553
115.14999999999999	-0.0003720792859047339
115.25	-0.0003574805909108988
115.35	-0.00034264095801707215
115.45	-0.00032758498581771843
115.55	-0.000312337137449125
115.64999999999999	-0.00029692170929397936
115.75	-0.00028136280050690117
115.85	-0.0002656842833425782
115.95	-0.00024990977433146227
116.05	-0.00023406260633527476
116.14999999999999	-0.00021816580151246727
116.25	-0.000202242045173066
116.35	-0.00018631366058503355
116.45	-0.00017040258473536302
116.55	-0.00015453034506343627
116.64999999999999	-0.00013871803716660218
116.75	-0.0001229863035050872
116.85	-0.00010735531312919711
116.95	-9.184474240598273e-5
117.05	-7.647375678166867e-5
117.14999999999999	-6.126099356529927e-5
117.25	-4.622454575720897e-5
117.35	-3.138194691529531e-5
117.45	-1.6750157063521e-5
117.55	-2.345549631866829e-6
117.64999999999999	1.1816100545034045e-5
117.75	2.5719628218747926e-5
117.85	3.935048765595947e-5
117.95	5.269476154529981e-5
118.05	6.57391689051886e-5
118.14999999999999	7.847107194835609e-5
118.25	9.087848195783008e-5
118.35	0.00010295006416322753
118.45	0.00011467514163659778
118.55	0.0001260436982158193
118.64999999999999	0.00013704638047176644
118.75	0.00014767449872999877
118.85	0.00015792002717823759
118.95	0.00016777560304641787
119.05	0.00017723452491715018
119.14999999999999	0.00018629075014261302
119.25	0.00019493889141783513
119.35	0.00020317421252122407
119.45	0.00021099262323649194
119.55	0.0002183906735000876
119.64999999999999	0.00022536554675454395
119.75	0.0002319150525831076
119.85	0.00023803761860277198
119.95	0.0002437322816725309
120.05	0.0002489986784230886
120.14999999999999	0.0002538370351444699
120.25	0.00025824815704320286
120.35	0.00026223341690853694
120.45	0.0002657947432169202
120.55	0.0002689346076760703
120.64999999999999	0.0002716560122660502
120.75	0.0002739624757872278
120.85	0.00027585801994452365
120.95	0.0002773471550013341
121.05	0.0002784348650181236
121.14999999999999	0.0002791265927194261
121.25	0.0002794282240022171
121.35	0.00027934607212559866
121.45	0.00027888686159203665
121.55	0.0002780577117671836
121.64999999999999	0.0002768661202582742
121.75	0.00027531994606549265
121.85	0.0002734273925498191
121.95	0.0002711969902423934
122.05	0.0002686375795061808
122.14999999999999	0.0002657582930921622
122.25	0.0002625685386154804
122.35	0.00025907798096374787
122.45	0.00025529652466889927
122.55	0.0002512342962771824
122.64999999999999	0.00024690162672055474
122.75	0.00024230903374121383
122.85	0.0002374672043547646
122.95	0.00023238697741556052
123.05	0.00022707932627637952
123.14999999999999	0.00022155534157558142
123.25	0.00021582621417280958
123.35	0.0002099032182501363
123.45	0.00020379769460591836
123.55	0.00019752103414764642
123.64999999999999	0.00019108466161490105
123.75	0.00018450001954085845
123.85	0.00017777855248137225
123.95	0.00017093169151810662
124.05	0.00016397083904359943
124.14999999999999	0.00015690735386789597
124.25	0.0001497525366473307
124.35	0.00014251761563965787
124.45	0.00013521373281750822
124.55	0.00012785193034016654
124.64999999999999	0.00012044313739473609
124.75	0.00011299815743544046
124.85	0.00010552765580113714
124.95	9.804214774870096e-5
125.05	9.055198689693686e-5
125.14999999999999	8.306735409044964e-5
125.25	7.559824669585312e-5
125.35	6.815446832616623e-5
125.45	6.0745619017213466e-5
125.55	5.338108584524775e-5
125.64999999999999	4.6070033994150124e-5
125.75	3.8821398286182694e-5
125.85	3.164387516055729e-5
125.95	2.454591512607271e-5
126.05	1.753571566510319e-5
126.14999999999999	1.0621214610833554e-5
126.25	3.8100839916665296e-6
126.35	-2.8902756723543867e-6
126.45	-9.472740597585023e-6
126.55	-1.5930468497792317e-5
126.64999999999999	-2.225690289647373e-5
126.75	-2.8445776970561934e-5
126.85	-3.449111693337471e-5
126.95	-4.038724498302863e-5
127.05	-4.612878178289999e-5
127.14999999999999	-5.171064850740073e-5
127.25	-5.712806844734401e-5
127.35	-6.237656818582246e-5
127.45	-6.745197833952924e-5
127.55	-7.235043387909919e-5
127.64999999999999	-7.70683740474175e-5
127.75	-8.16025418589907e-5
127.85	-8.594998320734583e-5
127.95	-9.010804558154655e-5
128.05	-9.407437639849916e-5
128.14999999999998	-9.784692096577911e-5
128.25	-0.00010142392007681195
128.35	-0.00010480390725687754
128.45	-0.00010798570566670621
128.55	-0.00011096842466439193
128.64999999999998	-0.00011375145605009747
128.75	-0.00011633446999512728
128.85	-0.00011871741067646637
128.95	-0.00012090049160792444
129.05	-0.00012288419070850324
129.14999999999998	-0.00012466924508581646
129.25	-0.0001262566455782101
129.35	-0.00012764763104182458
129.45	-0.00012884368241009435
129.55	-0.00012984651653222322
129.64999999999998	-0.00013065807980758873
129.75	-0.00013128054161860059
129.85	-0.0001317162875717598
129.95	-0.00013196791258925618
130.05	-0.00013203821381966175
130.14999999999998	-0.00013193018341210605
130.25	-0.00013164700114913537
130.35	-0.00013119202696716475
130.45	-0.00013056879335035014
130.55	-0.00012978099763660461
130.64999999999998	-0.00012883249424101671
130.75	-0.00012772728678902125
130.85	-0.00012646952019868048
130.95	-0.00012506347270833167
131.05	-0.00012351354786176356
131.14999999999998	-0.00012182426646864311
131.25	-0.00012000025854299344
131.35	-0.0001180462552430059
131.45	-0.00011596708080289338
131.55	-0.00011376764449072108
131.64999999999998	-0.00011145293258865667
131.75	-0.00010902800040816103
131.85	-0.00010649796434549089
131.95	-0.00010386799400951276
132.05	-0.00010114330439156847
132.14999999999998	-9.832914812829709e-5
132.25	-9.543080783858788e-5
132.35	-9.24535885541594e-5
132.45	-8.940281025644063e-5
132.55	-8.628380050784886e-5
132.64999999999998	-8.310188721931026e-5
132.75	-7.986239152610702e-5
132.85	-7.657062079849167e-5
132.95	-7.323186179702088e-5
133.05	-6.985137397283811e-5
133.14999999999998	-6.643438290683935e-5
133.25	-6.29860739267231e-5
133.35	-5.951158586661025e-5
133.45	-5.601600501413702e-5
133.55	-5.250435921895525e-5
133.64999999999998	-4.89816121866218e-5
133.75	-4.5452657951142195e-5
133.85	-4.1922315543555704e-5
133.95	-3.839532384106253e-5
134.05	-3.4876336620718885e-5
134.14999999999998	-3.136991780344713e-5
134.25	-2.7880536905856818e-5
134.35	-2.4412564691786535e-5
134.45	-2.097026903226976e-5
134.55	-1.7557810970468017e-5
134.64999999999998	-1.4179241000673078e-5
134.75	-1.083849555247885e-5
134.85	-7.5393936888838934e-6
134.95	-4.285634025847427e-6
135.05	-1.0807918502468645e-6
135.14999999999998	2.0716835427871717e-6
135.25	5.168471287782353e-6
135.35	8.206381198107313e-6
135.45	1.118235578000222e-5
135.55	1.4093472047263417e-5
135.64999999999998	1.6936943125208723e-5
135.75	1.971011964171543e-5
135.85	2.2410490918521347e-5
135.95	2.5035685948103758e-5
136.05	2.7583474177276288e-5
136.14999999999998	3.005176608241502e-5
136.25	3.243861355874153e-5
136.35	3.474221010182027e-5
136.45	3.696089080504353e-5
136.55	3.90931321676762e-5
136.64999999999998	4.113755171863968e-5
136.75	4.309290745640638e-5
136.85	4.495809711490447e-5
136.95	4.67321572549968e-5
137.05	4.8414262181920076e-5
137.14999999999998	5.000372271549749e-5
137.25	5.14999847697356e-5
137.35	5.290262780866782e-5
137.45	5.4211363126492586e-5
137.55	5.5426031999691885e-5
137.64999999999998	5.654660368598764e-5
137.75	5.757317329085421e-5
137.85	5.85059595064851e-5
137.95	5.934530221936592e-5
138.05	6.0091660001738196e-5
138.14999999999998	6.074560748308101e-5
138.25	6.130783262095699e-5
138.35	6.177913385837594e-5
138.45	6.2160417185482e-5
138.55	6.245269311142979e-5
138.64999999999998	6.265707354670194e-5
138.75	6.277476860175768e-5
138.85	6.28070833118541e-5
138.95	6.27554142936022e-5
139.05	6.262124632861009e-5
139.14999999999998	6.240614890142636e-5
139.25	6.211177266645958e-5
139.35	6.173984588268716e-5
139.45	6.1292170799135e-5
139.55	6.077062000144017e-5
139.64999999999998	6.0177132726710045e-5
139.75	5.951371116584998e-5
139.85	5.878241672166814e-5
139.95	5.798536627251196e-5
140.05	5.712472841363312e-5
140.14999999999998	5.620271969737395e-5
140.25	5.522160087885771e-5
140.35	5.418367315044462e-5
140.45	5.309127440834329e-5
140.55	5.194677551947439e-5
140.64999999999998	5.075257660753563e-5
140.75	4.951110336983833e-5
140.85	4.822480341737513e-5
140.95	4.6896142653353587e-5
141.05	4.552760168193283e-5
141.14999999999998	4.4121672260854114e-5
141.25	4.268085380796355e-5
141.35	4.120764994077213e-5
141.45	3.9704565078207525e-5
141.55	3.81741011037536e-5
141.64999999999998	3.6618754075802954e-5
141.75	3.504101101272678e-5
141.85	3.344334674054988e-5
141.95	3.182822080431124e-5
142.05	3.0198074466360176e-5
142.14999999999998	2.8555327761813052e-5
142.25	2.6902376646131094e-5
142.35	2.5241590216638663e-5
142.45	2.3575308016737994e-5
142.55	2.1905837430790668e-5
142.64999999999998	2.02354511580959e-5
142.75	1.8566384774974406e-5
142.85	1.690083439489985e-5
142.95	1.524095442116775e-5
143.05	1.3588855380829054e-5
143.14999999999998	1.1946601867702905e-5
143.25	1.0316210569556533e-5
143.35	8.699648401179871e-6
143.45	7.098830731958741e-6
143.55	5.51561971112284e-6
143.64999999999998	3.951822687096611e-6
143.75	2.409190738363793e-6
143.85	8.894172927044245e-7
143.95	-6.05863145373581e-7
144.05	-2.0750761769319664e-6
144.14999999999998	-3.516708577892458e-6
144.25	-4.929309289163541e-6
144.35	-6.311490281615629e-6
144.45	-7.661927343510355e-6
144.55	-8.979360760819684e-6
144.64999999999998	-1.026259590531516e-5
144.75	-1.151050371918184e-5
144.85	-1.2722021108369282e-5
144.95	-1.3896151245899379e-5
145.05	-1.5031963776494518e-5
145.14999999999998	-1.6128594929018103e-5
145.25	-1.7185247540312293e-5
145.35	-1.82011909935902e-5
145.45	-1.9175761065109522e-5
145.55	-2.0108359686351864e-5
145.64999999999998	-2.099845462256393e-5
145.75	-2.1845579071382027e-5
145.85	-2.2649331175781375e-5
145.95	-2.340937346391426e-5
146.05	-2.4125432215428527e-5
146.14999999999998	-2.4797296745055157e-5
146.25	-2.542481862359399e-5
146.35	-2.6007910822116375e-5
146.45	-2.6546546794350073e-5
146.55	-2.704075949347295e-5
146.64999999999998	-2.7490640324143243e-5
146.75	-2.789633803198609e-5
146.85	-2.82580575486549e-5
146.95	-2.8576058764031925e-5
147.05	-2.885065526047682e-5
147.14999999999998	-2.9082212988264545e-5
147.25	-2.9271148898807487e-5
147.35	-2.941792953133848e-5
147.45	-2.9523069556641942e-5
147.55	-2.9587130285650452e-5
147.64999999999998	-2.9610718133718398e-5
147.75	-2.9594483060569052e-5
147.85	-2.9539116968698605e-5
147.95	-2.944535208351519e-5
148.05	-2.931395929574747e-5
148.14999999999998	-2.9145746490217815e-5
148.25	-2.8941556849656253e-5
148.35000000000002	-2.8702267141319998e-5
148.45	-2.842878598379492e-5
148.55	-2.8122052109100596e-5
148.64999999999998	-2.778303260480168e-5
148.75	-2.7412721153607856e-5
148.85000000000002	-2.7012136266992856e-5
148.95	-2.6582319517988897e-5
149.05	-2.6124333759682675e-5
149.14999999999998	-2.5639261366109412e-5
149.25	-2.51282024629687e-5
149.35000000000002	-2.459227316844907e-5
149.45	-2.4032603843076862e-5
149.55	-2.345033734186391e-5
149.64999999999998	-2.2846627298806864e-5
149.75	-2.222263640436091e-5
149.85000000000002	-2.1579534716212082e-5
149.95	-2.0918497972081856e-5
150.05	-2.024070594647945e-5
150.14999999999998	-1.9547340806501104e-5
150.25	-1.8839585503866274e-5
150.35000000000002	-1.811862219516114e-5
150.45	-1.738563068302529e-5
150.55	-1.6641786888658964e-5
150.64999999999998	-1.588826135672803e-5
150.75	-1.5126217795052588e-5
150.85000000000002	-1.4356811640650987e-5
150.95	-1.3581188667280421e-5
151.05	-1.2800483626084714e-5
151.14999999999998	-1.2015818926255475e-5
151.25	-1.1228303350889682e-5
151.35000000000002	-1.0439030816111931e-5
151.45	-9.649079166570638e-6
151.55	-8.859509020762817e-6
151.64999999999998	-8.07136264419776e-6
151.75	-7.285662882999112e-6
151.85000000000002	-6.503412130156652e-6
151.95	-5.725591333967017e-6
152.05	-4.953159067457026e-6
152.14999999999998	-4.187050621905226e-6
152.25	-3.42817716224775e-6
152.35000000000002	-2.6774249251939185e-6
152.45	-1.935654457432873e-6
152.55	-1.2036999064540513e-6
152.64999999999998	-4.823683633302106e-7
152.75	2.2756076134351867e-7
152.85000000000002	9.253362997605081e-7
152.95	1.610235854034736e-6
153.05	2.281566267504596e-6
153.14999999999998	2.9386640544404196e-6
153.25	3.5808957823074552e-6
153.35000000000002	4.207658405551041e-6
153.45	4.818379554472026e-6
153.55	5.412517779948177e-6
153.64999999999998	5.9895627521414085e-6
153.75	6.549035414832544e-6
153.85000000000002	7.090488092351662e-6
153.95	7.613504561991871e-6
154.05	8.11770006772401e-6
154.14999999999998	8.602721311498317e-6
154.25	9.068246388305343e-6
154.35000000000002	9.513984687327301e-6
154.45	9.939676744937202e-6
154.55	1.0345094077023991e-5
154.64999999999998	1.0730038949217694e-5
154.75	1.1094344130583505e-5
154.85000000000002	1.1437872599551753e-5
154.95	1.1760517215503212e-5
155.05	1.2062200362661803e-5
155.14999999999998	1.2342873554682854e-5
155.25	1.2602517007809691e-5
155.35000000000002	1.2841139186402168e-5
155.45	1.3058776314763825e-5
155.55	1.3255491864711129e-5
155.64999999999998	1.3431376011098165e-5
155.75	1.3586545065052399e-5
155.85000000000002	1.3721140878470852e-5
155.95	1.383533022595307e-5
156.05	1.3929304166893175e-5
156.14999999999998	1.400327737782083e-5
156.25	1.4057487480425895e-5
156.35000000000002	1.4092194330305464e-5
156.45	1.4107679301851453e-5
156.55	1.4104244554671538e-5
156.64999999999998	1.4082212282618643e-5
156.75	1.4041923949791096e-5
156.85000000000002	1.3983739507716104e-5
156.95	1.3908036615956364e-5
157.05	1.3815209832809545e-5
157.14999999999998	1.370566982038726e-5
157.25	1.3579842515897834e-5
157.35000000000002	1.3438168318494799e-5
157.45	1.3281101256201785e-5
157.55	1.3109108159713685e-5
157.64999999999998	1.2922667819708007e-5
157.75	1.2722270159426874e-5
157.85000000000002	1.2508415390150412e-5
157.95	1.2281613179122749e-5
158.05	1.2042381810525471e-5
158.14999999999998	1.1791247356855792e-5
158.25	1.1528742845016997e-5
158.35000000000002	1.125540743588768e-5
158.45	1.0971785603203154e-5
158.55	1.06784263242577e-5
158.64999999999998	1.0375882273532777e-5
158.75	1.0064709028729484e-5
158.85000000000002	9.745464278936808e-6
158.95	9.41870706022939e-6
159.05	9.084996979591897e-6
159.14999999999998	8.74489347292779e-6
159.25	8.398955055309365e-6
159.35000000000002	8.047738602583275e-6
159.45	7.691798636465909e-6
159.55	7.331686630215679e-6
159.64999999999998	6.967950327026947e-6
159.75	6.601133075119275e-6
159.85000000000002	6.231773182913143e-6
159.95	5.860403287081149e-6
160.05	5.4875497384180194e-6
160.14999999999998	5.1137320175229965e-6
160.25	4.739462154357595e-6
160.35000000000002	4.365244173858524e-6
160.45	3.991573563503402e-6
160.55	3.618936758066324e-6
160.64999999999998	3.2478106485395165e-6
160.75	2.878662108281372e-6
160.85000000000002	2.5119475415024506e-6
160.95	2.1481124531516155e-6
161.05	1.7875910398029322e-6
161.14999999999998	1.4308058084315762e-6
161.25	1.078167206650558e-6
161.35000000000002	7.300732857218577e-7
161.45	3.8690937387284894e-7
161.55	4.904778523431634e-8
161.64999999999998	-2.831524572836575e-7
161.75	-6.093458768345605e-7
161.85000000000002	-9.292007702249531e-7
161.95	-1.2423994222255585e-6
162.05	-1.5486382857034316e-6
162.14999999999998	-1.847628149110176e-6
162.25	-2.139094280811403e-6
162.35000000000002	-2.4227765480441537e-6
162.45	-2.6984295183008204e-6
162.55	-2.9658225353860905e-6
162.64999999999998	-3.224739780024959e-6
162.75	-3.4749803067030082e-6
162.85000000000002	-3.7163580592161443e-6
162.95	-3.948701868041383e-6
163.05	-4.17185542625137e-6
163.14999999999998	-4.385677246535884e-6
163.25	-4.590040605348004e-6
163.35000000000002	-4.784833456359166e-6
163.45	-4.969958333051476e-6
163.55	-5.1453322384115826e-6
163.64999999999998	-5.310886507420934e-6
163.75	-5.466566658058277e-6
163.85000000000002	-5.612332224611561e-6
163.95	-5.748156579127663e-6
164.05	-5.874026729530332e-6
164.14999999999998	-5.989943113181301e-6
164.25	-6.095919364113055e-6
164.35000000000002	-6.191982078160119e-6
164.45	-6.278170559975744e-6
164.55	-6.354536552178958e-6
164.64999999999998	-6.42114396218137e-6
164.75	-6.478068575303678e-6
164.85000000000002	-6.525397748965199e-6
164.95	-6.563230102527145e-6
165.05	-6.591675202870817e-6
165.14999999999998	-6.610853226219022e-6
165.25	-6.62089463096273e-6
165.35000000000002	-6.621939804427017e-6
165.45	-6.614138710893594e-6
165.55	-6.5976505338350555e-6
165.64999999999998	-6.5726433079793285e-6
165.75	-6.5392935478080675e-6
165.85000000000002	-6.497785872261451e-6
165.95	-6.448312619284805e-6
166.05	-6.3910734653848675e-6
166.14999999999998	-6.326275037678322e-6
166.25	-6.254130519137864e-6
166.35000000000002	-6.174859262073792e-6
166.45	-6.088686382773076e-6
166.55	-5.995842374769565e-6
166.64999999999998	-5.89656271009037e-6
166.75	-5.791087443410597e-6
166.85000000000002	-5.679660815051784e-6
166.95	-5.562530858257906e-6
167.05	-5.439949006025541e-6
167.14999999999998	-5.312169700625179e-6
167.25	-5.179450002359566e-6
167.35000000000002	-5.0420492090944555e-6
167.45	-4.900228472684481e-6
167.55	-4.754250419389224e-6
167.64999999999998	-4.604378779619925e-6
167.75	-4.4508780163563035e-6
167.85000000000002	-4.294012966775129e-6
167.95	-4.134048476888175e-6
168.05	-3.971249059585602e-6
168.14999999999998	-3.805878542220424e-6
168.25	-3.638199727386524e-6
168.35000000000002	-3.4684740677020963e-6
168.45	-3.296961333687815e-6
168.55	-3.123919306394061e-6
168.64999999999998	-2.949603460013719e-6
168.75	-2.77426666867795e-6
168.85000000000002	-2.598158908847174e-6
168.95	-2.4215269807309382e-6
169.05	-2.244614231399755e-6
169.14999999999998	-2.0676602931494793e-6
169.25	-1.8909008204395984e-6
169.35000000000002	-1.7145672549990034e-6
169.45	-1.5388865788825734e-6
169.55	-1.3640810984162828e-6
169.64999999999998	-1.1903682166100477e-6
169.75	-1.0179602394362754e-6
169.85000000000002	-8.470641677832356e-7
169.95	-6.778815216228342e-7
170.05	-5.106081578157183e-7
170.14999999999998	-3.4543410766542216e-7
170.25	-1.8254342480722226e-7
170.35000000000002	-2.211403984674097e-8
170.45	1.3568237564669207e-7
170.55	2.9068052552926076e-7
170.64999999999998	4.427216060283331e-7
170.75	5.91653406692759e-7
170.85000000000002	7.373304010391058e-7
170.95	8.796138276663721e-7
171.05	1.0183717612128414e-6
171.14999999999998	1.1534791689609573e-6
171.25	1.284817966162245e-6
171.35000000000002	1.4122770517741122e-6
171.45	1.535752343616255e-6
171.55	1.6551467909447788e-6
171.64999999999998	1.7703703926950274e-6
171.75	1.8813401923061797e-6
171.85000000000002	1.987980275192332e-6
171.95	2.0902217462576147e-6
172.05	2.1880027050739244e-6
172.14999999999998	2.2812682124863307e-6
172.25	2.3699702413227536e-6
172.35000000000002	2.4540676315133404e-6
172.45	2.53352602329899e-6
172.55	2.6083177903857274e-6
172.64999999999998	2.6784219637022685e-6
172.75	2.743824148802681e-6
172.85000000000002	2.804516429410567e-6
172.95	2.860497275089359e-6
173.05	2.911771434915147e-6
173.14999999999998	2.958349819698807e-6
173.25	3.0002493923490975e-6
173.35000000000002	3.03749303709587e-6
173.45	3.0701094353561766e-6
173.55	3.098132923994836e-6
173.64999999999998	3.1216033607477596e-6
173.75	3.1405659740979014e-6
173.85000000000002	3.155071215616878e-6
173.95	3.1651746036629584e-6
174.05	3.1709365652339784e-6
174.14999999999998	3.172422274998614e-6
174.25	3.169701484519673e-6
174.35000000000002	3.16284835925063e-6
174.45	3.151941299108481e-6
174.55	3.1370627686414797e-6
174.64999999999998	3.1182991149828655e-6
174.75	3.0957403932636917e-6
174.85000000000002	3.069480179934365e-6
174.95	3.0396153904260404e-6
175.05	3.006246098508551e-6
175.14999999999998	2.969475344784869e-6
175.25	2.9294089519671514e-6
175.35000000000002	2.886155340643273e-6
175.45	2.8398253382296557e-6
175.55	2.7905319931602948e-6
175.64999999999998	2.7383903863607797e-6
175.75	2.6835174448854103e-6
175.85000000000002	2.6260317559849126e-6
175.95	2.5660533858919482e-6
176.05	2.503703685456646e-6
176.14999999999998	2.439105118076967e-6
176.25	2.3723810719440207e-6
176.35000000000002	2.303655682138489e-6
176.45	2.233053657084437e-6
176.55	2.1607000993032284e-6
176.64999999999998	2.0867203330781174e-6
176.75	2.0112397354007086e-6
176.85000000000002	1.9343835720460817e-6
176.95	1.8562768252261686e-6
177.05	1.7770440401711534e-6
177.14999999999998	1.6968091631862184e-6
177.25	1.615695387191965e-6
177.35000000000002	1.533825003166486e-6
177.45	1.4513192525452427e-6
177.55	1.3682981831075037e-6
177.64999999999998	1.284880509013799e-6
177.75	1.2011834761003967e-6
177.85000000000002	1.1173227321373917e-6
177.95	1.033412201781546e-6
178.05	9.495639570865241e-7
178.14999999999998	8.658881099408125e-7
178.25	7.824926933922015e-7
178.35000000000002	6.994835480727472e-7
178.45	6.169642310533465e-7
178.55	5.350359053206494e-7
178.64999999999998	4.537972560455203e-7
178.75	3.7334438820463444e-7
178.85000000000002	2.9377075689858777e-7
178.95	2.1516707587484815e-7
179.05	1.3762125048298646e-7
179.14999999999998	6.121830659225532e-8
179.25	-1.3959677791171813e-8
179.35000000000002	-8.783362602572616e-8
179.45	-1.603275177179292e-7
179.55	-2.313684452147121e-7
179.64999999999998	-3.008866514002152e-7
179.75	-3.688155702719665e-7
179.85000000000002	-4.350918640962186e-7
179.95	-4.996554515426568e-7
180.05	-5.624495307444028e-7
180.14999999999998	-6.234206046059223e-7
180.25	-6.825184916032686e-7
180.35000000000002	-7.396963378367732e-7
180.45	-7.949106268300949e-7
180.55	-8.481211762603163e-7
180.64999999999998	-8.99291137166657e-7
180.75	-9.483869835309326e-7
180.85000000000002	-9.95378512824073e-7
180.95	-1.040238813237439e-6
181.05	-1.0829442573122737e-6
181.14999999999998	-1.1234744744293062e-6
181.25	-1.161812317677276e-6
181.35000000000002	-1.1979438401031784e-6
181.45	-1.23185825503278e-6
181.55	-1.263547898189547e-6
181.64999999999998	-1.2930081872467014e-6
181.75	-1.3202375729784755e-6
181.85000000000002	-1.3452374934621685e-6
181.95	-1.3680123179582348e-6
182.05	-1.3885692976853958e-6
182.14999999999998	-1.4069185010078616e-6
182.25	-1.4230727573498576e-6
182.35000000000002	-1.4370475956895644e-6
182.45	-1.448861170859091e-6
182.55	-1.4585342025848467e-6
182.64999999999998	-1.4660899047723603e-6
182.75	-1.471553903328606e-6
182.85000000000002	-1.4749541774714073e-6
182.95	-1.476320965760186e-6
183.05	-1.4756867030332037e-6
183.14999999999998	-1.4730859308803966e-6
183.25	-1.468555220264716e-6
183.35000000000002	-1.4621330873426509e-6
183.45	-1.4538599116856472e-6
183.55	-1.4437778491422847e-6
183.64999999999998	-1.4319307479683419e-6
183.75	-1.418364060108867e-6
183.85000000000002	-1.4031247570935843e-6
183.95	-1.3862612389217188e-6
184.05	-1.3678232465921994e-6
184.14999999999998	-1.3478617773687194e-6
184.25	-1.3264289893881964e-6
184.35000000000002	-1.3035781157333224e-6
184.45	-1.2793633786328921e-6
184.55	-1.2538398990764894e-6
184.64999999999998	-1.227063606220701e-6
184.75	-1.199091153399697e-6
184.85000000000002	-1.1699798288263534e-6
184.95	-1.1397874655813207e-6
185.05	-1.1085723631831494e-6
185.14999999999998	-1.0763931962365164e-6
185.25	-1.0433089333383333e-6
185.35000000000002	-1.009378751821731e-6
185.45	-9.746619580536981e-7
185.55	-9.392179055990741e-7
185.64999999999998	-9.031059158639279e-7
185.75	-8.663851972714228e-7
185.85000000000002	-8.291147704014114e-7
185.95	-7.913533973535449e-7
186.05	-7.531594996031504e-7
186.14999999999998	-7.145910932973059e-7
186.25	-6.757057162828524e-7
186.35000000000002	-6.365603575961482e-7
186.45	-5.972113960475873e-7
186.55	-5.577145313516007e-7
186.64999999999998	-5.181247269154764e-7
186.75	-4.784961414143046e-7
186.85000000000002	-4.388820764293994e-7
186.95	-3.9933491614794765e-7
187.05	-3.5990608041824625e-7
187.14999999999998	-3.2064596308031796e-7
187.25	-2.816038887747587e-7
187.35000000000002	-2.428280653462014e-7
187.45	-2.0436553426941116e-7
187.55	-1.6626213318839793e-7
187.64999999999998	-1.285624503644453e-7
187.75	-9.130979309129196e-8
187.85000000000002	-5.4546141044263016e-8
187.95	-1.8312126138189315e-8
188.05	1.7353009813174267e-8
188.14999999999998	5.2411439212588405e-8
188.25	8.682677184922552e-8
188.35000000000002	1.205640866968284e-7
188.45	1.5358994810916241e-7
188.55	1.8587242399568827e-7
188.64999999999998	2.173811099572626e-7
188.75	2.480871343608914e-7
188.85000000000002	2.779631804429073e-7
188.95	3.069834913621731e-7
189.05	3.351238749561146e-7
189.14999999999998	3.6236171660325194e-7
189.25	3.8867597965593917e-7
189.35000000000002	4.140472067354983e-7
189.45	4.3845751609336777e-7
189.55	4.618906047308515e-7
189.64999999999998	4.84331740652139e-7
189.75	5.057677533303527e-7
189.85000000000002	5.261870303534468e-7
189.95	5.455795016418919e-7
190.05	5.639366285859606e-7
190.14999999999998	5.81251392879792e-7
190.25	5.975182753017987e-7
190.35000000000002	6.127332391649499e-7
190.45	6.268937141078431e-7
190.55	6.399985711956826e-7
190.64999999999998	6.520481030987771e-7
190.75	6.630439954114595e-7
190.85000000000002	6.729893051158561e-7
190.95	6.818884327136797e-7
191.05	6.897470910415252e-7
191.14999999999998	6.965722783358233e-7
191.25	7.023722497642345e-7
191.35000000000002	7.071564785049108e-7
191.45	7.109356299749804e-7
191.55	7.137215218037198e-7
191.64999999999998	7.155270924884506e-7
191.75	7.163663640566e-7
191.85000000000002	7.162544031836356e-7
191.95	7.152072887259915e-7
192.05	7.132420694765779e-7
192.14999999999998	7.10376726166308e-7
192.25	7.06630132449515e-7
192.35000000000002	7.020220138202963e-7
192.45	6.965729083075315e-7
192.55	6.903041234260987e-7
192.64999999999998	6.832376985459271e-7
192.75	6.75396359995216e-7
192.85000000000002	6.668034827127775e-7
192.95	6.574830431133351e-7
193.05	6.474595834205217e-7
193.14999999999998	6.367581642358797e-7
193.25	6.254043263345093e-7
193.35000000000002	6.134240479262443e-7
193.45	6.008437004415934e-7
193.55	5.876900080941025e-7
193.64999999999998	5.739900104158453e-7
193.75	5.597710164826389e-7
193.85000000000002	5.450605624460957e-7
193.95	5.298863766704835e-7
194.05	5.142763383254268e-7
194.14999999999998	4.982584334592744e-7
194.25	4.818607203696846e-7
194.35000000000002	4.6511129361990513e-7
194.45	4.4803823851897216e-7
194.55	4.306695989721422e-7
194.64999999999998	4.130333414041147e-7
194.75	3.951573159556202e-7
194.85000000000002	3.770692253918441e-7
194.95	3.5879658693758565e-7
195.05	3.4036669971379743e-7
195.14999999999998	3.218066161463836e-7
195.25	3.0314310256798337e-7
195.35000000000002	2.8440261881199945e-7
195.45	2.656112772854376e-7
195.55	2.467948224313374e-7
195.64999999999998	2.2797859759687553e-7
195.75	2.0918752309642162e-7
195.85000000000002	1.9044606404361045e-7
195.95	1.7177821055341878e-7
196.05	1.532074520683875e-7
196.14999999999998	1.3475675508101092e-7
196.25	1.1644854018002723e-7
196.35000000000002	9.8304664914772e-8
196.45	8.034639696308337e-8
196.55	6.25944041212248e-8
196.64999999999998	4.506873296547075e-8
196.75	2.7788791130204023e-8
196.85000000000002	1.0773338500255167e-8
196.95	-5.959534400596724e-9
197.05	-2.2392414644784524e-8
197.14999999999998	-3.850858019226831e-8
197.25	-5.4292009845890545e-8
197.35000000000002	-6.972739410820928e-8
197.45	-8.480013918292688e-8
197.55	-9.949638044121692e-8
197.64999999999998	-1.1380298398018958e-7
197.75	-1.2770755479590616e-7
197.85000000000002	-1.4119843688347269e-7
197.95	-1.5426472237643114e-7
198.05	-1.6689624727454157e-7
198.14999999999998	-1.790835958392825e-7
198.25	-1.9081810078047847e-7
198.35000000000002	-2.020918367078938e-7
198.45	-2.1289762863784377e-7
198.55	-2.232290395657807e-7
198.64999999999998	-2.3308037182656547e-7
198.75	-2.424466576709774e-7
198.85000000000002	-2.513236574205292e-7
198.95	-2.5970785235147593e-7
199.05	-2.675964377531657e-7
199.14999999999998	-2.7498731043023327e-7
199.25	-2.8187906279470444e-7
199.35000000000002	-2.8827097649174966e-7
199.45	-2.9416300377892136e-7
199.55	-2.995557661591473e-7
199.64999999999998	-3.044505324937881e-7
199.75	-3.0884921207710447e-7
199.85000000000002	-3.1275434180839153e-7
199.95	-3.161690691354351e-7
200.05	-3.1909714001609627e-7
200.14999999999998	-3.2154288210031684e-7
200.25	-3.2351119070891606e-7
200.35000000000002	-3.250075123321881e-7
200.45	-3.2603782920192444e-7
200.55	-3.266086398123582e-7
200.64999999999998	-3.2672694220777595e-7
200.75	-3.2640021654545465e-7
200.85000000000002	-3.25636412049296e-7
200.95	-3.2444392094548347e-7
201.05	-3.228315626329309e-7
201.14999999999998	-3.2080856490723825e-7
201.25	-3.1838455092911596e-7
201.35000000000002	-3.1556950621891886e-7
201.45	-3.123737719416387e-7
201.55	-3.088080191804321e-7
201.64999999999998	-3.048832302683163e-7
201.75	-3.0061068077031116e-7
201.85000000000002	-2.96001917280494e-7
201.95	-2.9106873558845765e-7
202.05	-2.8582316674145055e-7
202.14999999999998	-2.802774559718e-7
202.25	-2.7444403621723165e-7
202.35000000000002	-2.683355163191225e-7
202.45	-2.619646561809589e-7
202.55	-2.5534435071050655e-7
202.64999999999998	-2.484876093700339e-7
202.75	-2.414075345098979e-7
202.85000000000002	-2.341173065230765e-7
202.95	-2.266301604706498e-7
203.05	-2.189593734132054e-7
203.14999999999998	-2.111182413835293e-7
203.25	-2.0312006339291884e-7
203.35000000000002	-1.949781226751844e-7
203.45	-1.8670566981026263e-7
203.55	-1.7831590570323734e-7
203.64999999999998	-1.6982196461111413e-7
203.75	-1.612368994864103e-7
203.85000000000002	-1.5257366529814694e-7
203.95	-1.438451002247038e-7
204.05	-1.350639178443092e-7
204.14999999999998	-1.2624268164321983e-7
204.25	-1.1739380246209202e-7
204.35000000000002	-1.085295154506864e-7
204.45	-9.966187456454712e-8
204.55	-9.080272895502328e-8
204.64999999999998	-8.196372433266859e-8
204.75	-7.315627991920368e-8
204.85000000000002	-6.439158486347409e-8
204.95	-5.568057600850336e-8
205.05	-4.7033942156971475e-8
205.14999999999998	-3.8462104795007863e-8
205.25	-2.997521020845022e-8
205.35000000000002	-2.1583121245561804e-8
205.45	-1.3295412037498708e-8
205.55	-5.121352391331917e-9
205.64999999999998	2.9300917548291444e-9
205.75	1.085026721662937e-8
205.85000000000002	1.8630840198213606e-8
205.95	2.6263805786833727e-8
206.05	3.374148742104749e-8
206.14999999999998	4.105654173448085e-8
206.25	4.820196743475739e-8
206.35000000000002	5.517110499810729e-8
206.45	6.195764002661749e-8
206.55	6.855560933627984e-8
206.64999999999998	7.495939878747996e-8
206.75	8.116374407730491e-8
206.85000000000002	8.716373639712375e-8
206.95	9.295482068505469e-8
207.05	9.853279426742917e-8
207.14999999999998	1.0389381023357544e-7
207.25	1.0903437339013559e-7
207.35000000000002	1.1395133885221932e-7
207.45	1.1864191236156309e-7
207.55	1.231036455169809e-7
207.64999999999998	1.273344386878402e-7
207.75	1.3133253005317913e-7
207.85000000000002	1.35096497485076e-7
207.95	1.386252551782598e-7
208.05	1.4191804541083779e-7
208.14999999999998	1.4497443746418772e-7
208.25	1.477943238464198e-7
208.35000000000002	1.5037790688676888e-7
208.45	1.527257025454096e-7
208.55	1.5483853530133317e-7
208.64999999999998	1.567175214463652e-7
208.75	1.5836407088831775e-7
208.85000000000002	1.5977988002336525e-7
208.95	1.6096692046484185e-7
209.05	1.619274352069724e-7
209.14999999999998	1.6266393135294078e-7
209.25	1.6317917080800166e-7
209.35000000000002	1.6347616243662736e-7
209.45	1.6355815190226744e-7
209.55	1.6342862010927379e-7
209.64999999999998	1.6309126754333291e-7
209.75	1.625500086645679e-7
209.85000000000002	1.6180896466988545e-7
209.95	1.6087244901893166e-7
210.05	1.597449656394619e-7
210.14999999999998	1.584311946816261e-7
210.25	1.569359864974146e-7
210.35000000000002	1.5526434770803412e-7
210.45	1.5342143782431722e-7
210.55	1.5141255523200408e-7
210.64999999999998	1.4924313108883222e-7
210.75	1.4691871648548945e-7
210.85000000000002	1.4444497819830698e-7
210.95	1.4182768375726297e-7
211.05	1.3907269437505498e-7
211.14999999999998	1.361859563188138e-7
211.25	1.3317348885021056e-7
211.35000000000002	1.3004137861444963e-7
211.45	1.2679577028727295e-7
211.55	1.2344285432963198e-7
211.64999999999998	1.199888605191206e-7
211.75	1.1644004590382802e-7
211.85000000000002	1.128026907092599e-7
211.95	1.0908308607334665e-7
212.05	1.0528752840511674e-7
212.14999999999998	1.0142230561557791e-7
212.25	9.749369613335695e-8
212.35000000000002	9.35079559020723e-8
212.45	8.947131106277399e-8
212.55	8.538995017832036e-8
212.64999999999998	8.127001896915397e-8
212.75	7.711761185923e-8
212.85000000000002	7.2938761554956e-8
212.95	6.873943646389526e-8
213.05	6.452552955666086e-8
213.14999999999998	6.030285607684128e-8
213.25	5.607714597159281e-8
213.35000000000002	5.185403440394676e-8
213.45	4.7639061113572226e-8
213.55	4.3437663445203895e-8
213.64999999999998	3.9255162738799244e-8
213.75	3.509677354221831e-8
213.85000000000002	3.096758681265663e-8
213.95	2.687256949926752e-8
214.05	2.281656108163422e-8
214.14999999999998	1.880426772527626e-8
214.25	1.484025757317511e-8
214.35000000000002	1.0928959826895958e-8
214.45	7.074658237607281e-9
214.55	3.2814885850375062e-9
214.64999999999998	-4.46562500424355e-10
214.75	-4.10566335769098e-9
214.85000000000002	-7.692137219625108e-9
214.95	-1.1202465663747616e-8
215.05	-1.463328918651921e-8
215.14999999999998	-1.7981409950659542e-8
215.25	-2.124379650651101e-8
215.35000000000002	-2.4417579313843497e-8
215.45	-2.750005648053016e-8
215.55	-3.048868969120943e-8
215.64999999999998	-3.338111084456079e-8
215.75	-3.6175115918291114e-8
215.85000000000002	-3.886867202930004e-8
215.95	-4.1459911019170516e-8
216.05	-4.394713316546287e-8
216.14999999999998	-4.632880360356176e-8
216.25	-4.860355657797392e-8
216.35000000000002	-5.077018748835328e-8
216.45	-5.282765902227179e-8
216.55	-5.4775090304252615e-8
216.64999999999998	-5.661176697236465e-8
216.75	-5.833713098426449e-8
216.85000000000002	-5.995078275157844e-8
216.95	-6.145247366473275e-8
217.05	-6.284211245025833e-8
217.14999999999998	-6.411975715178747e-8
217.25	-6.528561079966532e-8
217.35000000000002	-6.634002307923737e-8
217.45	-6.728348437536463e-8
217.55	-6.811662690346278e-8
217.64999999999998	-6.884021389459674e-8
217.75	-6.945514522737872e-8
217.85000000000002	-6.996244938200121e-8
217.95	-7.036327911137751e-8
218.05	-7.065890635570892e-8
218.14999999999998	-7.08507268280963e-8
218.25	-7.094024543138642e-8
218.35000000000002	-7.092908170495657e-8
218.45	-7.08189569452645e-8
218.55	-7.061170032006238e-8
218.64999999999998	-7.030923287484636e-8
218.75	-6.991357543749195e-8
218.85000000000002	-6.942683364157435e-8
218.95	-6.88512006639846e-8
219.05	-6.81889526822154e-8
219.14999999999998	-6.744243933328145e-8
219.25	-6.661408376989468e-8
219.35000000000002	-6.570637648965905e-8
219.45	-6.472187184116977e-8
219.55	-6.366318440132086e-8
219.64999999999998	-6.253297985744094e-8
219.75	-6.133397854530462e-8
219.85000000000002	-6.006894327648966e-8
219.95	-5.874067582769542e-8
220.05	-5.735201984930613e-8
220.14999999999998	-5.590584716928329e-8
220.25	-5.440505934620547e-8
220.35000000000002	-5.28525827043608e-8
220.45	-5.1251359417138433e-8
220.55	-4.960435112575022e-8
220.64999999999998	-4.7914527234877175e-8
220.75	-4.618486556256287e-8
220.85000000000002	-4.441834812558652e-8
220.95	-4.261795054459127e-8
221.05	-4.078664850669453e-8
221.14999999999998	-3.892740561988047e-8
221.25	-3.7043176882454276e-8
221.35000000000002	-3.5136894875519246e-8
221.45	-3.321147542960993e-8
221.55	-3.126980956856457e-8
221.64999999999998	-2.931476326546152e-8
221.75	-2.7349169527097846e-8
221.85000000000002	-2.5375829804066966e-8
221.95	-2.33975078482374e-8
222.05	-2.1416927677024934e-8
222.14999999999998	-1.9436770217060183e-8
222.25	-1.745966824054347e-8
222.35000000000002	-1.5488211327717495e-8
222.45	-1.3524934821095482e-8
222.55	-1.1572321498576643e-8
222.64999999999998	-9.632796187816507e-9
222.75	-7.70872765808821e-9
222.85000000000002	-5.802422597053663e-9
222.95	-3.9161303966298845e-9
223.05	-2.052030706333282e-9
223.14999999999998	-2.1223823243989457e-10
223.25	1.6012015404261397e-9
223.35000000000002	3.386309435470781e-9
223.45	5.141179528973574e-9
223.55	6.863974959071786e-9
223.64999999999998	8.552935086047329e-9
223.75	1.0206374584342056e-8
223.85000000000002	1.182268163225277e-8
223.95	1.3400322430946787e-8
224.05	1.4937837982294324e-8
224.14999999999998	1.6433850119069392e-8
224.25	1.7887055245325846e-8
224.35000000000002	1.929623108710164e-8
224.45	2.066023458513739e-8
224.55	2.1977999599346534e-8
224.64999999999998	2.3248544541933555e-8
224.75	2.4470959254492496e-8
224.85000000000002	2.564441795798407e-8
224.95	2.6768174234675422e-8
225.05	2.784155773108175e-8
225.14999999999998	2.8863976646020953e-8
225.25	2.9834917640829075e-8
225.35000000000002	3.0753944197403755e-8
225.45	3.162069659570338e-8
225.55	3.2434888493413344e-8
225.64999999999998	3.3196309066626504e-8
225.75	3.390482306682958e-8
225.85000000000002	3.4560366910240495e-8
225.95	3.51629463236335e-8
226.05	3.571263873185876e-8
226.14999999999998	3.6209589367932924e-8
226.25	3.6654016359504325e-8
226.35000000000002	3.7046196215222935e-8
226.45	3.7386475052306386e-8
226.55	3.7675260235977816e-8
226.64999999999998	3.7913020562068104e-8
226.75	3.8100284893812004e-8
226.85000000000002	3.823764273187291e-8
226.95	3.8325735945489516e-8
227.05	3.8365263963911405e-8
227.14999999999998	3.835697719621723e-8
227.25	3.830167855002741e-8
227.35000000000002	3.820021864038485e-8
227.45	3.805349512557048e-8
227.55	3.78624497785703e-8
227.64999999999998	3.7628070756680056e-8
227.75	3.7351383988560395e-8
227.85000000000002	3.703345523913867e-8
227.95	3.6675386550115116e-8
228.05	3.6278317557292874e-8
228.14999999999998	3.584341751429725e-8
228.25	3.5371888117182215e-8
228.35000000000002	3.486495679039583e-8
228.45	3.432388127322458e-8
228.55	3.374993915251877e-8
228.64999999999998	3.3144434592902875e-8
228.75	3.2508688954239555e-8
228.85000000000002	3.18440410638097e-8
228.95	3.115184826616702e-8
229.05	3.043347972519946e-8
229.14999999999998	2.9690315686012786e-8
229.25	2.892375050389521e-8
229.35000000000002	2.8135180330675708e-8
229.45	2.7326010242085602e-8
229.55	2.6497649813421003e-8
229.64999999999998	2.5651508468287957e-8
229.75	2.4788997358242805e-8
229.85000000000002	2.39115249680824e-8
229.95	2.302049324802397e-8
230.05	2.2117303796361335e-8
230.14999999999998	2.1203346835787026e-8
230.25	2.0280005541244106e-8
230.35000000000002	1.9348651614191866e-8
230.45	1.8410646689473068e-8
230.55	1.7467333809133388e-8
230.64999999999998	1.6520042137336524e-8
230.75	1.5570086157915602e-8
230.85000000000002	1.4618760274065456e-8
230.95	1.3667339968649632e-8
231.05	1.271707619188183e-8
231.14999999999998	1.1769201760067845e-8
231.25	1.0824922391092616e-8
231.35000000000002	9.885420635209304e-9
231.45	8.95185389259866e-9
231.55	8.02534570818083e-9
231.64999999999998	7.107000657565368e-9
231.75	6.197889744160927e-9
231.85000000000002	5.29905107672374e-9
231.95	4.41149745588038e-9
232.05	3.536205005094385e-9
232.14999999999998	2.674116706724954e-9
232.25	1.8261479890459794e-9
232.35000000000002	9.93175493579179e-10
232.45	1.760422606655441e-10
232.55	-6.244450371693191e-10
232.64999999999998	-1.4075120481286419e-9
232.75	-2.1724227491617553e-9
232.85000000000002	-2.918478533455172e-9
232.95	-3.6450160741952222e-9
233.05	-4.351407747478506e-9
233.14999999999998	-5.037066069679293e-9
233.25	-5.701438420088782e-9
233.35000000000002	-6.344011766315268e-9
233.45	-6.964309346349851e-9
233.55	-7.561892045681242e-9
233.64999999999998	-8.1363585375434e-9
233.75	-8.6873447653021e-9
233.85000000000002	-9.214522320132529e-9
233.95	-9.717602798114924e-9
234.05	-1.0196332540357073e-8
234.14999999999998	-1.0650495560888644e-8
234.25	-1.1079911070713917e-8
234.35000000000002	-1.148443363991628e-8
234.45	-1.186395689966131e-8
234.55	-1.2218404024901614e-8
234.64999999999998	-1.2547736180470336e-8
234.75	-1.2851947815520123e-8
234.85000000000002	-1.3131065801457616e-8
234.95	-1.338515266982702e-8
235.05	-1.3614299908481564e-8
235.14999999999998	-1.3818632421985738e-8
235.25	-1.3998303108036044e-8
235.35000000000002	-1.4153500199638732e-8
235.45	-1.4284434934734826e-8
235.55	-1.4391352391223165e-8
235.64999999999998	-1.4474521841850325e-8
235.75	-1.4534242763980266e-8
235.85000000000002	-1.4570838285041254e-8
235.95	-1.4584656525340497e-8
236.05	-1.4576070846652269e-8
236.14999999999998	-1.4545478063000407e-8
236.25	-1.4493299013114198e-8
236.35	-1.4419974313934507e-8
236.45	-1.4325961919527163e-8
236.55	-1.4211745685321465e-8
236.64999999999998	-1.4077824426646605e-8
236.75	-1.3924716161835962e-8
236.85	-1.3752954769701825e-8
236.95	-1.3563090967594149e-8
237.05	-1.3355688553731028e-8
237.14999999999998	-1.313132679674856e-8
237.25	-1.2890596190459095e-8
237.35	-1.2634098972647765e-8
237.45	-1.2362449247071263e-8
237.55	-1.2076271549045435e-8
237.64999999999998	-1.1776196932579932e-8
237.75	-1.1462866543340307e-8
237.85	-1.1136927140942344e-8
237.95	-1.0799030655770568e-8
238.05	-1.0449833657571477e-8
238.14999999999998	-1.008999887295168e-8
238.25	-9.720190456736315e-9
238.35	-9.341075898891338e-9
238.45	-8.953321633390943e-9
238.55	-8.557596978451983e-9
238.64999999999998	-8.154567218552262e-9
238.75	-7.744897404907373e-9
238.85	-7.329252459418332e-9
238.95	-6.908292308554207e-9
239.05	-6.48267236050834e-9
239.14999999999998	-6.053043363369937e-9
239.25	-5.62005076176357e-9
239.35	-5.18433473326679e-9
239.45	-4.74652597892361e-9
239.55	-4.307249355120074e-9
239.64999999999998	-3.867118720820407e-9
239.75	-3.426740615293011e-9
239.85	-2.9867129424291286e-9
239.95	-2.5476188895071436e-9
240.05	-2.1100342128180285e-9
240.14999999999998	-1.6745215300336926e-9
240.25	-1.2416345566031578e-9
240.35	-8.11907375513805e-10
240.45	-3.858658537248827e-10
240.55	3.597767763155689e-11
240.64999999999998	4.5312809213297924e-10
240.75	8.65102491310018e-10
240.85	1.2714335445542712e-9
240.95	1.6716695943944726e-9
241.05	2.065375484075361e-9
241.14999999999998	2.4521294612967015e-9
241.25	2.83152864647763e-9
241.35	3.2031848559291107e-9
241.45	3.5667291399255166e-9
241.55	3.921807500728714e-9
241.64999999999998	4.268085003777891e-9
241.75	4.605240130619582e-9
241.85	4.932972094082126e-9
241.95	5.250998129879564e-9
242.05	5.559053118791452e-9
242.14999999999998	5.856886492703715e-9
242.25	6.1442692580450884e-9
242.35	6.420987677731427e-9
242.45	6.686846643199918e-9
242.55	6.941669545234714e-9
242.64999999999998	7.1852945193165424e-9
242.75	7.4175810003473475e-9
242.85	7.638405351309845e-9
242.95	7.847658064029013e-9
243.05	8.045249945616464e-9
243.14999999999998	8.231107319592194e-9
243.25	8.405175215840197e-9
243.35	8.56741376319667e-9
243.45	8.717797996221334e-9
243.55	8.856322690826197e-9
243.64999999999998	8.982994361481352e-9
243.75	9.097838002539019e-9
243.85	9.200894374952703e-9
243.95	9.292215995041974e-9
244.05	9.371873450395617e-9
244.14999999999998	9.43995029144017e-9
244.25	9.496543666135723e-9
244.35	9.541764475620696e-9
244.45	9.575737987046997e-9
244.55	9.598601732526956e-9
244.64999999999998	9.610505272883862e-9
244.75	9.611610526698917e-9
244.85	9.60208901990144e-9
244.95	9.582126743690343e-9
245.05	9.551919789558972e-9
245.14999999999998	9.511672997212657e-9
245.25	9.46160149889951e-9
245.35	9.401933309743272e-9
245.45	9.332899517763991e-9
245.55	9.254743695630147e-9
245.64999999999998	9.167717222180341e-9
245.75	9.0720771124397e-9
245.85	8.968089034559366e-9
245.95	8.856025313694865e-9
246.05	8.736164074691081e-9
246.14999999999998	8.608787432719838e-9
246.25	8.47418691198267e-9
246.35	8.33265459555938e-9
246.45	8.184488465835226e-9
246.55	8.029991413825088e-9
246.64999999999998	7.869467637740561e-9
246.75	7.70322604128593e-9
246.85	7.531578156124772e-9
246.95	7.35483528729726e-9
247.05	7.173310287553567e-9
247.14999999999998	6.987321675618197e-9
247.25	6.797183955889693e-9
247.35	6.603210387454473e-9
247.45	6.405718655695926e-9
247.55	6.20502394104284e-9
247.64999999999998	6.001440963879908e-9
247.75	5.795282578822445e-9
247.85	5.586859000614829e-9
247.95	5.376479449242316e-9
248.05	5.164450858593288e-9
248.14999999999998	4.951075882124991e-9
248.25	4.7366530882524595e-9
248.35	4.521480943891873e-9
248.45	4.305850156174139e-9
248.55	4.090049478704912e-9
248.64999999999998	3.874361845187889e-9
248.75	3.6590664675915367e-9
248.85	3.444438002770684e-9
248.95	3.2307415009955578e-9
249.05	3.0182399786153597e-9
249.14999999999998	2.8071909855618424e-9
249.25	2.5978447271548924e-9
249.35	2.3904425223885493e-9
249.45	2.1852223265237667e-9
249.55	1.982414689783367e-9
249.64999999999998	1.7822428987331677e-9
249.75	1.5849221925996328e-9
249.85	1.3906614854149898e-9
249.95	1.199661777312918e-9
250.05	1.0121153303970381e-9
250.14999999999998	8.282091700239819e-10
250.25	6.481191745883231e-10
250.35	4.72014320210941e-10
250.45	3.000579264108012e-10
250.55	1.3240223066520147e-10
250.64999999999998	-3.080899015871194e-11
250.75	-1.894368674659021e-10
250.85	-3.433548894935824e-10
250.95	-4.924427895691032e-10
251.05	-6.365900363982073e-10
251.14999999999998	-7.756936638017544e-10
251.25	-9.096587130390312e-10
251.35	-1.0383981478369352e-9
251.45	-1.1618354530481014e-9
251.55	-1.2798994746507883e-9
251.64999999999998	-1.3925296570827032e-9
251.75	-1.4996742034416065e-9
251.85	-1.6012868953032133e-9
251.95	-1.6973325265502057e-9
252.05	-1.7877796821462552e-9
252.14999999999998	-1.8726094045103946e-9
252.25	-1.9518077209286474e-9
252.35	-2.0253703811704817e-9
252.45	-2.093298360280232e-9
252.55	-2.155602347512574e-9
252.64999999999998	-2.212297790826439e-9
252.75	-2.2634099828771555e-9
252.85	-2.3089695542338446e-9
252.95	-2.349013246419014e-9
253.05	-2.3835857916407195e-9
253.14999999999998	-2.412738691308847e-9
253.25	-2.4365290198542e-9
253.35	-2.455021315228129e-9
253.45	-2.468281896358401e-9
253.55	-2.476391062593795e-9
253.64999999999998	-2.4794242952413724e-9
253.75	-2.4774691944622023e-9
253.85	-2.470618197128915e-9
253.95	-2.4589671088614884e-9
254.05	-2.44261571195812e-9
254.14999999999998	-2.421670489538873e-9
254.25	-2.39624126424278e-9
254.35	-2.3664411985651795e-9
254.45	-2.332388307120148e-9
254.55	-2.2942042080952406e-9
254.64999999999998	-2.2520132813307794e-9
254.75	-2.205943510428628e-9
254.85	-2.156125239156283e-9
254.95	-2.102694046004433e-9
255.05	-2.0457843970875824e-9
255.14999999999998	-1.985535587533496e-9
255.25	-1.922086985423469e-9
255.35	-1.8555825386548135e-9
255.45	-1.7861656888064963e-9
255.55	-1.713983537586621e-9
255.64999999999998	-1.6391800593999357e-9
255.75	-1.56190530826279e-9
255.85	-1.4823070080730813e-9
255.95	-1.4005347873046005e-9
256.05	-1.3167370420284115e-9
256.15	-1.2310650513283167e-9
256.25	-1.1436675459915922e-9
256.35	-1.0546935214545113e-9
256.45	-9.642913099422827e-10
256.55	-8.726095260249989e-10
256.65	-7.797966624810738e-10
256.75	-6.860006863486672e-10
256.85	-5.913647018595105e-10
256.95	-4.960330337647051e-10
257.05	-4.0014772966236817e-10
257.15	-3.038515583373428e-10
257.25	-2.0728152921685724e-10
257.35	-1.105766661955121e-10
257.45	-1.3869042099623414e-11
257.55	8.270678545857036e-11
257.65	1.790212390234169e-10
257.75	2.7494706549401477e-10
257.85	3.703579524406193e-10
257.95	4.651325248878132e-10
258.05	5.591527990111381e-10
258.15	6.522999833593872e-10
258.25	7.444631021766072e-10
258.35	8.355310785024177e-10
258.45	9.253976330861091e-10
258.55	1.013960846037497e-9
258.65	1.1011199747374556e-9
258.75	1.186779293146461e-9
258.85	1.2708453989021787e-9
258.95	1.3532292620021302e-9
259.05	1.433844907395568e-9
259.15	1.5126153441068159e-9
259.25	1.589458351180749e-9
259.35	1.6643033860084854e-9
259.45	1.7370797417444807e-9
259.55	1.8077207739405916e-9
259.65	1.876165673549553e-9
259.75	1.942354859343282e-9
259.85	2.006235431103619e-9
259.95	2.0677584163631965e-9
260.05	2.126877929998915e-9
260.15	2.18355241182685e-9
260.25	2.2377425233404306e-9
260.35	2.289414259330776e-9
260.45	2.3385365303003312e-9
260.55	2.385085793143254e-9
260.65	2.4290376466366987e-9
260.75	2.4703739964008417e-9
260.85	2.509080914852228e-9
260.95	2.5451467617592797e-9
261.05	2.578563305943751e-9
261.15	2.609329264771659e-9
261.25	2.6374427616554285e-9
261.35	2.6629072139479925e-9
261.45	2.6857322835915196e-9
261.55	2.705925140303615e-9
261.65	2.7235003036120943e-9
261.75	2.738474084603658e-9
261.85	2.7508685422387442e-9
261.95	2.7607050926907324e-9
262.05	2.768011587376948e-9
262.15	2.772816373035749e-9
262.25	2.775150888747489e-9
262.35	2.7750500953290255e-9
262.45	2.7725522378813836e-9
262.55	2.7676971698314676e-9
262.65	2.7605269899843462e-9
262.75	2.7510877038967874e-9
262.85	2.7394235175439523e-9
262.95	2.7255867077377846e-9
263.05	2.709627780922438e-9
263.15	2.6915989702075965e-9
263.25	2.6715566573945195e-9
263.35	2.6495570617153404e-9
263.45	2.6256592720691895e-9
263.55	2.599921776871009e-9
263.65	2.572408202800899e-9
263.75	2.5431797190638953e-9
263.85	2.512302412508165e-9
263.95	2.479840291099947e-9
264.05	2.4458581749822755e-9
264.15	2.4104256830733483e-9
264.25	2.37360944317882e-9
264.35	2.335477806291258e-9
264.45	2.2961026042775325e-9
264.55	2.2555513704009223e-9
264.65	2.213894528687256e-9
264.75	2.171202756566902e-9
264.85	2.1275480333247465e-9
264.95	2.082998271060954e-9
265.05	2.0376271751938147e-9
265.15	1.9915037936535498e-9
265.25	1.9446988597384405e-9
265.35	1.8972829059545473e-9
265.45	1.8493255831806811e-9
265.55	1.8008967595033997e-9
265.65	1.7520643079103182e-9
265.75	1.7028983855972094e-9
265.85	1.653465345635476e-9
265.95	1.6038313740719322e-9
266.05	1.5540646653481015e-9
266.15	1.5042280433591205e-9
266.25	1.4543860688259262e-9
266.35	1.4046018777337644e-9
266.45	1.3549372234693042e-9
266.55	1.3054543051052704e-9
266.65	1.256211340088088e-9
266.75	1.2072661413354718e-9
266.85	1.1586761717656156e-9
266.95	1.1104967407489517e-9
267.05	1.0627822851571505e-9
267.15	1.0155839859587652e-9
267.25	9.689537399891083e-10
267.35	9.229397510167141e-10
267.45	8.775902371136424e-10
267.55	8.329509837137927e-10
267.65	7.890670489842015e-10
267.75	7.4597863589947e-10
267.85	7.037282967977024e-10
267.95	6.623553688957553e-10
268.05	6.218956523084467e-10
268.15	5.823851438079742e-10
268.25	5.438563884277966e-10
268.35	5.063440396601937e-10
268.45	4.698748781082821e-10
268.55	4.3447800494112163e-10
268.65	4.0017861483975014e-10
268.75	3.6700212969293164e-10
268.85	3.349687939008303e-10
268.95	3.0410008578360193e-10
269.05	2.7441390021837944e-10
269.15	2.459282925631196e-10
269.25	2.1865670040908355e-10
269.35	1.9261153441232996e-10
269.45	1.6780404412783116e-10
269.55	1.4424364110653134e-10
269.65	1.2193896817761475e-10
269.75	1.0089511340153077e-10
269.85	8.111528990706156e-11
269.95	6.260292547126819e-11
270.05	4.535610019232132e-11
