# u, ψ_scri 
0.0	-0.0397329422985987
0.1	-0.06659956570061326
0.2	-0.09225241155893053
0.3	-0.11670599675331156
0.4	-0.13997502618411942
0.5	-0.1620743918655348
0.6	-0.18301917188520633
0.7	-0.20282462923739308
0.8	-0.22150621052324382
0.9	-0.23907954450526867
1.0	-0.25556044053021576
1.1	-0.2709648868064803
1.2	-0.2853090485305994
1.3	-0.29860926587066516
1.4	-0.31088205179518885
1.5	-0.32214408974773573
1.6	-0.33241223116492286
1.7	-0.3417034928328115
1.8	-0.3500350540883475
1.9	-0.3574242538492522
2.0	-0.3638885874791536
2.1	-0.36944570349036143
2.2	-0.3741134000698685
2.3	-0.37790962143761714
2.4	-0.3808524540307641
2.5	-0.3829601225119042
2.6	-0.38425098560456555
2.7	-0.3847435317488891
2.8	-0.38445637458078086
2.9	-0.3834082482325119
3.0	-0.3816180024532913
3.1	-0.3791045975511191
3.2	-0.37588709915557583
3.3	-0.3719846727995499
3.4	-0.367416578322862
3.5	-0.36220216409615125
3.6	-0.3563608610665548
3.7	-0.3499121766272489
3.8	-0.3428756883093089
3.9	-0.33527103729987073
4.0	-0.3271179217876495
4.1	-0.318436090134562
4.2	-0.30924533388072684
4.3	-0.29956548058278626
4.4	-0.2894163864854464
4.5	-0.2788179290359798
4.6	-0.2677899992352099
4.7	-0.25635249383816583
4.8	-0.24452530740394868
4.9	-0.23232832419400554
5.0	-0.21978140993047107
5.1	-0.20690440341887742
5.2	-0.19371710803218584
5.3	-0.180239283068192
5.4	-0.1664906349864712
5.5	-0.15249080852532226
5.6	-0.13825937770366412
5.7	-0.12381583672544608
5.8	-0.10917959077755861
5.9	-0.0943699467387048
6.0	-0.07940610380417283
6.1	-0.06430714402278268
6.2	-0.04909202278130404
6.3	-0.033779559209372416
6.4	-0.018388426530649413
6.5	-0.0029371423786295507
6.6	0.012555940937174015
6.7	0.02807264619118389
6.8	0.04359498102244495
6.9	0.059105147726345814
7.0	0.07458555305115189
7.1	0.09001881798605632
7.2	0.10538778752726448
7.3	0.12067554043059484
7.4	0.13586539891405158
7.5	0.1509409383182238
7.6	0.16588599671214074
7.7	0.18068468442301258
7.8	0.19532139349809846
7.9	0.2097808070686556
8.0	0.22404790861710022
8.1	0.23810799113239628
8.2	0.2519466661417789
8.3	0.26554987261212326
8.4	0.2789038857021374
8.5	0.2919953253628227
8.6	0.30481116476966963
8.7	0.3173387385740823
8.8	0.32956575097018365
8.9	0.3414802835578358
9.0	0.35307080299298543
9.1	0.3643261684185579
9.2	0.37523563865959364
9.3	0.3857888791741554
9.4	0.3959759687476075
9.5	0.405787405925583
9.6	0.4152141151670248
9.7	0.42424745270706654
9.8	0.4328792121312731
9.9	0.44110162963964367
10.0	0.4489073889915886
10.1	0.456289626127053
10.2	0.46324193345585757
10.3	0.46975836380104513
10.4	0.4758334339885844
10.5	0.48146212807732186
10.6	0.48663990022168024
10.7	0.4913626771596267
10.8	0.4956268603115846
10.9	0.4994293274952957
11.0	0.5027674342427496
11.1	0.5056390147114935
11.2	0.5080423821919741
11.3	0.5099763291993845
11.4	0.511440127146887
11.5	0.5124335255983308
11.6	0.5129567510941536
11.7	0.513010505547911
11.8	0.5125959642121455
11.9	0.5117147732083096
12.0	0.5103690466219257
12.1	0.50856136316126
12.2	0.506294762376977
12.3	0.5035727404463808
12.4	0.5003992455185018
12.5	0.4967786726242068
12.6	0.4927158581530205
12.7	0.48821607389662547
12.8	0.4832850206636877
12.9	0.47792882146934074
13.0	0.47215401430257725
13.1	0.4659675444778993
13.2	0.4593767565737161
13.3	0.4523893859654334
13.4	0.4450135499599867
13.5	0.4372577385369895
13.6	0.42913080470368736
13.7	0.42064195447590647
13.8	0.411800736491026
13.9	0.40261703125830367
14.0	0.3931010400638169
14.1	0.3832632735369614
14.2	0.3731145398901795
14.3	0.3626659328387037
14.4	0.35192881921961827
14.5	0.3409148263190298
14.6	0.3296358289216104
14.7	0.31810393609421517
14.8	0.30633147771585806
14.9	0.2943309907735646
15.0	0.28211520543930957
15.1	0.26969703093451264
15.2	0.25708954120372485
15.3	0.24430596041873798
15.4	0.23135964831825817
15.5	0.21826408540755177
15.6	0.2050328580292295
15.7	0.19167964333110013
15.8	0.17821819414214066
15.9	0.1646623237681033
16.0	0.1510258907394853
16.1	0.1373227835223395
16.2	0.12356690520520133
16.3	0.10977215818395822
16.4	0.09595242887113911
16.5	0.08212157243787245
16.6	0.0682933976072897
16.7	0.05448165152314348
16.8	0.040700004710059356
16.9	0.026962036146879878
17.0	0.013281218458897312
17.1	-0.00032909673291831064
17.2	-0.013855693302786805
17.3	-0.027285504931440104
17.4	-0.04060562920968666
17.5	-0.053803341532398595
17.6	-0.06686610874798489
17.7	-0.07978160256269816
17.8	-0.09253771267529369
17.9	-0.10512255962111065
18.0	-0.11752450731639169
18.1	-0.1297321752886597
18.2	-0.141734450572892
18.3	-0.15352049925451067
18.4	-0.16507977765940768
18.5	-0.17640204316086874
18.6	-0.18747736459820102
18.7	-0.19829613229687462
18.8	-0.20884906766920733
18.9	-0.2191272323895983
19.0	-0.22912203713441143
19.1	-0.23882524986986947
19.2	-0.24822900368162654
19.3	-0.25732580413825445
19.4	-0.2661085361767034
19.5	-0.27457047050384625
19.6	-0.28270526950209035
19.7	-0.29050699264025376
19.8	-0.2979701013782426
19.9	-0.3050894635592263
20.0	-0.3118603572888797
20.1	-0.3182784742939839
20.2	-0.32433992276172907
20.3	-0.33004122965154753
20.4	-0.33537934248168183
20.5	-0.3403516305894092
20.6	-0.34495588586454173
20.7	-0.34919032295429764
20.8	-0.3530535789436548
20.9	-0.35654471251356984
21.0	-0.35966320257745144
21.1	-0.36240894640129934
21.2	-0.36478225720957863
21.3	-0.36678386128558765
21.4	-0.36841489456936627
21.5	-0.36967689875842
21.6	-0.37057181692086694
21.7	-0.3711019886279805
21.8	-0.3712701446140925
21.9	-0.3710794009727305
22.0	-0.37053325289944
22.1	-0.36963556799151187
22.2	-0.3683905791148555
22.3	-0.366802876850731
22.4	-0.3648774015324928
22.5	-0.36261943488633847
22.6	-0.3600345912895856
22.7	-0.3571288086611318
22.8	-0.35390833899146745
22.9	-0.3503797385371565
23.0	-0.3465498576871472
23.1	-0.34242583051783415
23.2	-0.33801506405681375
23.3	-0.33332522726317504
23.4	-0.32836423975083795
23.5	-0.32314026026292736
23.6	-0.31766167491913183
23.7	-0.31193708525307723
23.8	-0.3059752960539263
23.9	-0.29978530303428597
24.0	-0.2933762803388545
24.1	-0.2867575679127851
24.2	-0.2799386587497228
24.3	-0.2729291860350415
24.4	-0.26573891020214463
24.5	-0.25837770592371534
24.6	-0.2508555490516431
24.7	-0.24318250352803983
24.8	-0.2353687082817261
24.9	-0.2274243641298388
25.0	-0.21935972070322413
25.1	-0.2111850634116278
25.2	-0.20291070046918175
25.3	-0.19454694999229985
25.4	-0.18610412719098285
25.5	-0.1775925316730999
25.6	-0.16902243487134777
25.7	-0.16040406761318035
25.8	-0.15174760785079855
25.9	-0.14306316856393167
26.0	-0.13436078585413458
26.1	-0.12565040723802848
26.2	-0.11694188016655833
26.3	-0.1082449407720013
26.4	-0.09956920286143028
26.5	-0.09092414717537826
26.6	-0.08231911091012427
26.7	-0.07376327752941739
26.8	-0.06526566687340443
26.9	-0.056835125570850666
27.0	-0.04848031777042816
27.1	-0.04020971620070959
27.2	-0.03203159356620242
27.3	-0.023954014290043082
27.4	-0.01598482661063878
27.5	-0.008131655039121988
27.6	-0.00040189318830303176
27.7	0.007197303023179327
27.8	0.014659021787251137
27.9	0.021976601434438966
28.0	0.029143636069336315
28.1	0.03615398081055545
28.2	0.04300175663540669
28.3	0.04968135481862792
28.4	0.05618744096543774
28.5	0.06251495864389699
28.6	0.06865913260825653
28.7	0.07461547161287393
28.8	0.08037977082252566
28.9	0.0859481138137847
29.0	0.0913168741734529
29.1	0.09648271669349494
29.2	0.10144259816495023
29.3	0.10619376777493168
29.4	0.1107337671099156
29.5	0.11506042976974644
29.6	0.11917188059688685
29.7	0.12306653452605593
29.8	0.1267430950576512
29.9	0.130200552367813
30.0	0.13343818105408425
30.1	0.1364555375268488
30.2	0.139252457057055
30.3	0.14182905048415642
30.4	0.1441857005918134
30.5	0.14632305816617372
30.6	0.14824203773934666
30.7	0.14994381303075593
30.8	0.15142981209698494
30.9	0.1527017121967312
31.0	0.1537614343860384
31.1	0.15461113784996128
31.2	0.15525321398442932
31.3	0.15569028024052867
31.4	0.15592517373840573
31.5	0.15596094466593485
31.6	0.15580084947415415
31.7	0.15544834387896253
31.8	0.15490707568324916
31.9	0.1541808774308171
32.0	0.1532737589045552
32.1	0.15218989948207645
32.2	0.15093364035956436
32.3	0.1495094766577053
32.4	0.14792204942260911
32.5	0.1461761375327273
32.6	0.14427664952492916
32.7	0.14222861535332124
32.8	0.14003717809183022
32.9	0.1377075855924387
33.0	0.13524518211416303
33.1	0.13265539993119663
33.2	0.12994375093434782
33.3	0.12711581823933962
33.4	0.12417724780852436
33.5	0.12113374010216911
33.6	0.1179910417703453
33.7	0.11475493739418118
33.8	0.11143124128802885
33.9	0.10802578937500237
34.0	0.10454443114540847
34.1	0.10099302170705352
34.2	0.09737741393904442
34.3	0.09370345075741508
34.4	0.08997695750350486
34.5	0.0862037344620399
34.6	0.08238954951988929
34.7	0.0785401309721054
34.8	0.07466116048391977
34.9	0.0707582662178568
35.0	0.06683701612983504
35.1	0.06290291144566074
35.2	0.058961380321733696
35.3	0.05501777169712006
35.4	0.051077349342398944
35.5	0.04714528611221739
35.6	0.043226658406079956
35.7	0.039326440841467275
35.8	0.03544950114463324
35.9	0.03160059526370914
36.0	0.02778436270636521
36.1	0.024005322106085025
36.2	0.020267867020887495
36.3	0.01657626196548409
36.4	0.012934638680260577
36.5	0.009346992638381372
36.6	0.005817179793107716
36.7	0.0023489135651342976
36.8	-0.001054237927889951
36.9	-0.0043888543995536395
37.0	-0.007651665682142631
37.1	-0.010839553771015921
37.2	-0.0139495546290943
37.3	-0.01697885975134274
37.4	-0.019924817489060928
37.5	-0.02278493413967392
37.6	-0.025556874800112563
37.7	-0.02823846398756612
37.8	-0.03082768603075141
37.9	-0.033322685233920075
38.0	-0.03572176581675495
38.1	-0.038023391633792945
38.2	-0.040226185677539474
38.3	-0.04232892936801157
38.4	-0.04433056163427686
38.5	-0.04623017779248499
38.6	-0.0480270282238135
38.7	-0.04972051685749157
38.8	-0.051310199465491375
38.9	-0.052795781773367224
39.0	-0.05417711739180437
39.1	-0.0554542055753997
39.2	-0.05662718881516516
39.3	-0.0576963502695723
39.4	-0.058662111040701626
39.5	-0.05952502730216654
39.6	-0.06028578728440009
39.7	-0.060945208124525384
39.8	-0.06150423258713455
39.9	-0.06196392566230846
40.0	-0.06232547104806474
40.1	-0.06259016752422591
40.2	-0.06275942522356713
40.3	-0.06283476180812801
40.4	-0.06281779855743405
40.5	-0.06271025637524016
40.6	-0.06251395172186146
40.7	-0.062230792479141504
40.8	-0.06186277375499313
40.9	-0.06141197363435372
41.0	-0.06088054888351707
41.1	-0.06027073061449114
41.2	-0.05958481991649172
41.3	-0.05882518346093969
41.4	-0.05799424908702119
41.5	-0.057094501373931
41.6	-0.05612847720670771
41.7	-0.055098761341931334
41.8	-0.054007981979285885
41.9	-0.05285880634583019
42.0	-0.051653936298212084
42.1	-0.0503961039497014
42.2	-0.04908806732700557
42.3	-0.04773260606315347
42.4	-0.04633251713133427
42.5	-0.04489061062613109
42.6	-0.04340970559671872
42.7	-0.041892625936017086
42.8	-0.04034219633329891
42.9	-0.03876123829283923
43.0	-0.03715256622381325
43.1	-0.03551898360565927
43.2	-0.03386327923398503
43.3	-0.03218822355010817
43.4	-0.03049656505782695
43.5	-0.0287910268320953
43.6	-0.02707430312276042
43.7	-0.02534905605624652
43.8	-0.02361791243770213
43.9	-0.02188346065840277
44.0	-0.020148247709024205
44.1	-0.018414776302301348
44.2	-0.016685502107734635
44.3	-0.01496283109921185
44.4	-0.013249117018344572
44.5	-0.01154665895464548
44.6	-0.00985769904506823
44.7	-0.008184420292986664
44.8	-0.006528944507849536
44.9	-0.004893330367673088
45.0	-0.0032795716033322438
45.1	-0.0016895953065248495
45.2	-0.000125260361184823
45.3	0.0014116440014924482
45.4	0.002919399524558155
45.5	0.004396360123229443
45.6	0.005840952959227745
45.7	0.007251679393177154
45.8	0.008627115815180993
45.9	0.00996591435461575
46.0	0.011266803469161354
46.1	0.012528588415527911
46.2	0.013750151603495452
46.3	0.014930452833471046
46.4	0.016068529419187204
46.5	0.017163496199240902
46.6	0.018214545437153527
46.7	0.019220946612861358
46.8	0.02018204610838153
46.9	0.021097266788569862
47.0	0.02196610748085188
47.1	0.02278814235505488
47.2	0.023563020206850468
47.3	0.02429046364748743
47.4	0.024970268201468377
47.5	0.025602301316357927
47.6	0.026186501287165733
47.7	0.026722876098353356
47.8	0.027211502185827057
47.9	0.02765252312330392
48.0	0.028046148235664724
48.1	0.028392651142008257
48.2	0.02869236823246888
48.3	0.02894569708189861
48.4	0.029153094803584228
48.5	0.02931507634641792
48.6	0.029432212739466147
48.7	0.029505129286456475
48.8	0.0295345037142211
48.9	0.02952106427869034
49.0	0.029465587831362643
49.1	0.029368897850011687
49.2	0.029231862437218207
49.3	0.029055392289764073
49.4	0.02884043864254962
49.5	0.028587991190485346
49.6	0.02829907599164091
49.7	0.027974753354746314
49.8	0.027616115714782764
49.9	0.02722428549976664
50.0	0.026800412991551777
50.1	0.02634567418448715
50.2	0.02586126864460411
50.3	0.025348417372379684
50.4	0.02480836067240296
50.5	0.02424235603244799
50.6	0.023651676015362576
50.7	0.02303760616605224
50.8	0.022401442936571505
50.9	0.021744491632088858
51.0	0.02106806437998667
51.1	0.0203734781249774
51.2	0.01966205265231812
51.3	0.018935108641733
51.4	0.018193965754415904
51.5	0.017439940754533464
51.6	0.01667434566835061
51.7	0.015898485982563163
51.8	0.015113658883186562
51.9	0.01432115153755672
52.0	0.013522239421203057
52.1	0.012718184690526393
52.2	0.011910234603174735
52.3	0.01109961998805478
52.4	0.010287553765445948
52.5	0.009475229518986378
52.6	0.008663820120520728
52.7	0.007854476408992265
52.8	0.00704832592434129
52.9	0.006246471696983562
53.0	0.005449991093741575
53.1	0.004659934721241854
53.2	0.003877325387092319
53.3	0.003103157118994492
53.4	0.002338394242961444
53.5	0.0015839705201360329
53.6	0.00084078834265563
53.7	0.00010971798946724564
53.8	-0.0006084030592530932
53.9	-0.0013127707482870575
54.0	-0.0020026150140906632
54.1	-0.002677200292994701
54.2	-0.0033358259707316645
54.3	-0.003977826773596393
54.4	-0.004602573102055715
54.5	-0.005209471307027751
54.6	-0.0057979639096258145
54.7	-0.006367529765028321
54.8	-0.006917684170820736
54.9	-0.007447978921663423
55.0	-0.007958002309823412
55.1	-0.00844737907329522
55.2	-0.008915770292716401
55.3	-0.00936287323747444
55.4	-0.009788421162502678
55.5	-0.010192183056876305
55.6	-0.010573963345442097
55.7	-0.010933601544626146
55.8	-0.011270971873909075
55.9	-0.01158598282406692
56.0	-0.011878576683726287
56.1	-0.012148729025663762
56.2	-0.012396448154318502
56.3	-0.012621774515669888
56.4	-0.012824780071501691
56.5	-0.013005567639354
56.6	-0.013164270199402242
56.7	-0.01330105017040951
56.8	-0.013416098656129785
56.9	-0.013509634663438802
57.0	-0.013581904294247394
57.1	-0.01363317991273147
57.2	-0.013663759289372229
57.3	-0.013673964723471807
57.4	-0.013664142145906914
57.5	-0.013634660203823014
57.6	-0.013585909328561303
57.7	-0.013518300788793246
57.8	-0.013432265730403783
57.9	-0.013328254204642894
58.0	-0.0132067341862535
58.1	-0.013068190583173418
58.2	-0.012913124239330907
58.3	-0.012742050932041287
58.4	-0.01255550036569756
58.5	-0.012354015163192459
58.6	-0.012138149856525428
58.7	-0.01190846987812147
58.8	-0.011665550554259753
58.9	-0.011409976102061877
59.0	-0.011142338631482394
59.1	-0.010863237153392427
59.2	-0.010573276595430744
59.3	-0.010273066826732596
59.4	-0.009963221692670873
59.5	-0.009644358061039306
59.6	-0.009317094880688454
59.7	-0.00898205225389538
59.8	-0.008639850523423063
59.9	-0.008291109375347909
60.0	-0.007936446958763237
60.1	-0.00757647902327499
60.2	-0.007211818075155192
60.3	-0.00684307255311284
60.4	-0.006470846024616842
60.5	-0.006095736403165827
60.6	-0.005718335187889083
60.7	-0.005339226725723276
60.8	-0.004958987496733659
60.9	-0.004578185423724069
61.0	-0.0041973792062354656
61.1	-0.0038171176795759893
61.2	-0.003437939199473412
61.3	-0.0030603710526934027
61.4	-0.00268492889406803
61.5	-0.002312116210115166
61.6	-0.0019424238097429792
61.7	-0.0015763293423023403
61.8	-0.0012142968430449408
61.9	-0.0008567763061741101
62.0	-0.0005042032856887473
62.1	-0.00015699852425033814
62.2	0.00018443239023641824
62.3	0.0005196993400828756
62.4	0.0008484279654812855
62.5	0.0011702599242586537
62.6	0.0014848531240870034
62.7	0.0017918819271300263
62.8	0.002091037327387268
62.9	0.002382027101029957
63.0	0.0026645759297180614
63.1	0.0029384254976876764
63.2	0.0032033345624683024
63.3	0.0034590789996825793
63.4	0.0037054518226280232
63.5	0.003942263176769592
63.6	0.004169340309589287
63.7	0.004386527516427197
63.8	0.004593686062852311
63.9	0.004790694083726405
64.0	0.004977446460012238
64.1	0.005153854673627602
64.2	0.005319846640864004
64.3	0.0054753665253029484
64.4	0.00562037453045963
64.5	0.005754846673180547
64.6	0.005878774538244147
64.7	0.005992165014948713
64.8	0.006095040016315163
64.9	0.0061874361816395065
65.0	0.006269404563223243
65.1	0.006341010297846156
65.2	0.006402332263834711
65.3	0.00645346272440483
65.4	0.0064945069581463935
65.5	0.006525582877349761
65.6	0.006546820634778093
65.7	0.006558362220025724
65.8	0.006560361045903881
65.9	0.006552981525705432
66.0	0.006536398642185722
66.1	0.00651079750904811
66.2	0.006476372925566047
66.3	0.006433328925170861
66.4	0.006381878318891236
66.5	0.006322242234133525
66.6	0.006254649649765254
66.7	0.006179336928171888
66.8	0.006096547344950787
66.9	0.006006530617065656
67.0	0.005909542430111792
67.1	0.005805843965380559
67.2	0.005695701427406758
67.3	0.005579385572714847
67.4	0.005457171240400789
67.5	0.0053293368851308545
67.6	0.005196164113287754
67.7	0.005057937222795716
67.8	0.004914942747270211
67.9	0.004767469005062135
68.0	0.004615805653672465
68.1	0.0044602432502916034
68.2	0.00430107281873335
68.3	0.004138585423438737
68.4	0.003973071751036223
68.5	0.003804821699772582
68.6	0.0036341239774835077
68.7	0.003461265708369222
68.8	0.003286532048992569
68.9	0.0031102058139993484
69.0	0.002932567111850662
69.1	0.002753892990886535
69.2	0.002574457096053184
69.3	0.0023945293366684868
69.4	0.0022143755654599737
69.5	0.0020342572691033948
69.6	0.0018544312705851419
69.7	0.001675149443445305
69.8	0.0014966584383185812
69.9	0.0013191994218582775
70.0	0.001143007828030723
70.1	0.0009683131221874558
70.2	0.0007953385778918345
70.3	0.000624301066520775
70.4	0.00045541085992351684
70.5	0.00028887144596717373
70.6	0.00012487935710457467
70.7	-3.637598795889059e-5
70.8	-0.0001947124296227375
70.9	-0.00034995519974780184
71.0	-0.0005019370410156735
71.1	-0.000650498313441311
71.2	-0.0007954870880229842
71.3	-0.0009367592276297085
71.4	-0.0010741784553256538
71.5	-0.001207616410231343
71.6	-0.0013369526909578233
71.7	-0.0014620748868628397
71.8	-0.0015828785973609131
71.9	-0.0016992674393216535
72.0	-0.0018111530428582805
72.1	-0.001918455035741405
72.2	-0.0020211010165995177
72.3	-0.0021190265171353246
72.4	-0.0022121749536548395
72.5	-0.0023004975682398435
72.6	-0.0023839533596258086
72.7	-0.002462509004259135
72.8	-0.0025361387677480507
72.9	-0.0026048244070266645
73.0	-0.0026685550635099226
73.1	-0.0027273271475498854
73.2	-0.0027811442146084176
73.3	-0.002830016833315908
73.4	-0.0028739624458739258
73.5	-0.0029130052211082
73.6	-0.0029471759004966232
73.7	-0.0029765116375155354
73.8	-0.0030010558306885213
73.9	-0.0030208579506434963
74.0	-0.00303597336159185
74.1	-0.003046463137526493
74.2	-0.0030523938735155082
74.3	-0.0030538374925024444
74.4	-0.0030508710478852384
74.5	-0.0030435765222674095
74.6	-0.003032040622783656
74.7	-0.0030163545732988803
74.8	-0.0029966139038266433
74.9	-0.002972918237585392
75.0	-0.0029453710759632496
75.1	-0.0029140795818023407
75.2	-0.0028791543612927666
75.3	-0.0028407092448363702
75.4	-0.0027988610672456653
75.5	-0.00275372944750881
75.6	-0.002705436568554506
75.7	-0.002654106957279852
75.8	-0.002599867265130098
75.9	-0.0025428460495934297
76.0	-0.00248317355685107
76.1	-0.0024209815059037733
76.2	-0.00235640287445364
76.3	-0.0022895716868147594
76.4	-0.0022206228041230488
76.5	-0.002149691717080202
76.6	-0.002076914341527745
76.7	-0.0020024268170622085
76.8	-0.0019263653089260243
76.9	-0.0018488658134123525
77.0	-0.0017700639669742076
77.1	-0.0016900948592906198
77.2	-0.0016090928504487619
77.3	-0.001527191392420801
77.4	-0.0014445228550356533
77.5	-0.0013612183566527926
77.6	-0.0012774075996072529
77.7	-0.0011932187106261437
77.8	-0.0011087780863666841
77.9	-0.001024210244184961
78.0	-0.0009396376782516559
78.1	-0.0008551807211598423
78.2	-0.0007709574110601363
78.3	-0.0006870833644288456
78.4	-0.0006036716546740075
78.5	-0.0005208326964291483
78.6	-0.00043867413575710603
78.7	-0.00035730074629630645
78.8	-0.00027681433130875404
78.9	-0.0001973136317962922
79.0	-0.00011889424054387448
79.1	-4.164852223796206e-5
79.2	3.433446036435674e-5
79.3	0.00010896901426533865
79.4	0.00018217287804626997
79.5	0.00025386727763755895
79.6	0.00032397697618255576
79.7	0.000392430317929924
79.8	0.00045915926623396456
79.9	0.0005240994357294966
80.0	0.0005871901187112304
80.1	0.0006483743058661492
80.2	0.0007075987012708669
80.3	0.000764813731887307
80.4	0.0008199735515926149
80.5	0.0008730360398111578
80.6	0.0009239627948846592
80.7	0.0009727191222334665
80.8	0.0010192740175110123
80.9	0.0010636001447665092
81.0	0.001105673809792197
81.1	0.001145474928789821
81.2	0.0011829869924047118
81.3	0.0012181970253993645
81.4	0.001251095541996948
81.5	0.0012816764970360244
81.6	0.0013099372331360417
81.7	0.0013358784240204058
81.8	0.0013595040140858437
81.9	0.0013808211544182145
82.0	0.0013998401354261248
82.1	0.0014165743162091677
82.2	0.00143104005082191
82.3	0.00144325661163724
82.4	0.001453246109945917
82.5	0.0014610334139213324
82.6	0.001466646064177557
82.7	0.0014701141870466484
82.8	0.0014714704057344056
82.9	0.0014707497495488702
83.0	0.0014679895613364739
83.1	0.0014632294033092787
83.2	0.001456510961415336
83.3	0.0014478779484291319
83.4	0.0014373760058966607
83.5	0.0014250526051289994
83.6	0.0014109569473760464
83.7	0.0013951398633480008
83.8	0.0013776537122408014
83.9	0.001358552280412151
84.0	0.0013378906798615425
84.1	0.0013157252466717278
84.2	0.0012921134395403632
84.3	0.0012671137385408934
84.4	0.0012407855442833952
84.5	0.0012131890775793034
84.6	0.001184385279754299
84.7	0.0011544357137444653
84.8	0.0011234024660955264
84.9	0.001091348049989275
85.0	0.0010583353094159463
85.1	0.0010244273246055448
85.2	0.000989687318845895
85.3	0.0009541785667590065
85.4	0.0009179643041753006
85.5	0.0008811076396936256
85.6	0.0008436714680032837
85.7	0.0008057183850881505
85.8	0.0007673106053735223
85.9	0.0007285098809164663
86.0	0.0006893774227105797
86.1	0.0006499738241650546
86.2	0.0006103589868473096
86.3	0.0005705920485474912
86.4	0.0005307313137167288
86.5	0.0004908341863308185
86.6	0.0004509571052530582
86.7	0.0004111554821170064
86.8	0.00037148364178670097
86.9	0.000331994765421212
87.0	0.000292740836174755
87.1	0.0002537725875949539
87.2	0.00021513945468181085
87.3	0.00017688952767865094
87.4	0.00013906950859487663
87.5	0.00010172467046681163
87.6	6.48988193758015e-5
87.7	2.8634259188899622e-5
87.8	-7.028240909538696e-6
87.9	-4.2049476142818875e-5
88.0	-7.639183316169623e-5
88.1	-0.0001100193142967386
88.2	-0.00014289755912423423
88.3	-0.00017499386333377114
88.4	-0.00020627719490920896
88.5	-0.0002367182076936615
88.6	-0.0002662892523188703
88.7	-0.0002949643845544707
88.8	-0.00032271937112706144
88.9	-0.0003495316930135663
89.0	-0.0003753805462651199
89.1	-0.00040024684042502253
89.2	-0.00042411319456299267
89.3	-0.0004469639309795994
89.4	-0.00046878506663294796
89.5	-0.000489564302347023
89.6	-0.0005092910098588847
89.7	-0.0005279562167493757
89.8	-0.000545552589331958
89.9	-0.0005620744135546204
90.0	-0.0005775175739729977
90.1	-0.0005918795308722659
90.2	-0.0006051592955935979
90.3	-0.0006173574041317875
90.4	-0.0006284758890967971
90.5	-0.0006385182500588812
90.6	-0.0006474894223976776
90.7	-0.0006553957447113856
90.8	-0.0006622449248403543
90.9	-0.0006680460046024945
91.0	-0.0006728093233019499
91.1	-0.0006765464800796171
91.2	-0.0006792702951968362
91.3	-0.0006809947703061032
91.4	-0.0006817350477949603
91.5	-0.0006815073692840723
91.6	-0.0006803290333272598
91.7	-0.0006782183524109394
91.8	-0.0006751946093250874
91.9	-0.0006712780129676189
92.0	-0.0006664896536514428
92.1	-0.0006608514580080305
92.2	-0.0006543861435302737
92.3	-0.0006471171728412869
92.4	-0.0006390687077631016
92.5	-0.0006302655632332711
92.6	-0.0006207331611522306
92.7	-0.0006104974842263677
92.8	-0.0005995850298610538
92.9	-0.0005880227641806786
93.0	-0.0005758380762249863
93.1	-0.0005630587323912569
93.2	-0.000549712831178578
93.3	-0.000535828758287838
93.4	-0.0005214351421411032
93.5	-0.0005065608098651512
93.6	-0.0004912347438093077
93.7	-0.0004754860386167244
93.8	-0.00045934385893202937
93.9	-0.0004428373977819426
94.0	-0.0004259958356555877
94.1	-0.00040884830036020677
94.2	-0.0003914238276696984
94.3	-0.0003737513228074426
94.4	-0.0003558595228310477
94.5	-0.00033777695990084953
94.6	-0.0003195319255221118
94.7	-0.00030115243575888406
94.8	-0.0002826661974587681
94.9	-0.00026410057552528403
95.0	-0.00024548256124376863
95.1	-0.00022683874170465447
95.2	-0.00020819527034564303
95.3	-0.0001895778386136922
95.4	-0.0001710116487936118
95.5	-0.0001525213879928218
95.6	-0.0001341312033038632
95.7	-0.0001158646781857441
95.8	-9.774481003038456e-5
95.9	-7.979398894595251e-5
96.0	-6.203397776855191e-5
96.1	-4.4485893301048453e-5
96.2	-2.7170188775014103e-5
96.3	-1.010663754815994e-5
96.4	6.685681964802188e-6
96.5	2.3188400127725182e-5
96.6	3.938386870143011e-5
96.7	5.52551722404513e-5
96.8	7.078613826248761e-5
96.9	8.596134622239365e-5
97.0	0.00010076613528796734
97.1	0.0001151866109301599
97.2	0.00012920965034067658
97.3	0.00014282290668933087
97.4	0.00015601481223759327
97.5	0.00016877458033004344
97.6	0.00018109220627034024
97.7	0.00019295846712143067
97.8	0.0002043649204197052
97.9	0.00021530390184509738
98.0	0.00022576852187948597
98.1	0.0002357526614488406
98.2	0.0002452509665906252
98.3	0.00025425884217286155
98.4	0.00026277244468477846
98.5	0.0002707886741236039
98.6	0.0002783051650180429
98.7	0.00028532027659902145
98.8	0.00029183308216504275
98.9	0.000297843357654148
99.0	0.0003033515694639197
99.1	0.0003083588615505253
99.2	0.00031286704182509236
99.3	0.0003168785678966924
99.4	0.00032039653217716315
99.5	0.00032342464639325755
99.6	0.0003259672255265731
99.7	0.0003280291712222312
99.8	0.0003296159546925924
99.9	0.00033073359915637387
100.0	0.00033138866183049645
100.1	0.000331588215531464
100.2	0.0003313398298918936
100.3	0.00033065155224340514
100.4	0.0003295318881932443
100.5	0.000327989781919981
100.6	0.000326034596230696
100.7	0.00032367609240521077
100.8	0.00032092440985693186
100.9	0.0003177900456469727
101.0	0.0003142838338775535
101.1	0.0003104169249976078
101.2	0.00030620076504775704
101.3	0.00030164707487743075
101.4	0.00029676782935896277
101.5	0.00029157523662758734
101.6	0.0002860817173827957
101.7	0.0002802998842626897
101.8	0.0002742425213332269
101.9	0.00026792256370992187
102.0	0.0002613530773370485
102.1	0.00025454723895328103
102.2	0.00024751831626444737
102.3	0.00024027964834937753
102.4	0.0002328446263141091
102.5	0.00022522667422442133
102.6	0.0002174392303332403
102.7	0.00020949572862693995
102.8	0.00020140958069799557
102.9	0.00019319415798244328
103.0	0.0001848627743602903
103.1	0.00017642866914674576
103.2	0.00016790499048957317
103.3	0.00015930477917776967
103.4	0.00015064095289426743
103.5	0.00014192629090817768
103.6	0.00013317341922800926
103.7	0.00012439479622603771
103.8	0.00011560269874566522
103.9	0.00010680920870388684
104.0	9.802620018499526e-5
104.1	8.926532705376037e-5
104.2	8.053801108523088e-5
104.3	7.185543061141994e-5
104.4	6.322850970721776e-5
104.5	5.466790790233208e-5
104.6	4.618401043552147e-5
104.7	3.778691905626583e-5
104.8	2.9486443364420252e-5
104.9	2.1292092701022096e-5
105.0	1.3213068584073176e-5
105.1	5.258257697067799e-6
105.2	-2.563774575870177e-6
105.3	-1.024479007215966e-5
105.4	-1.7776883221685344e-5
105.5	-2.5152485878448236e-5
105.6	-3.2364371613257524e-5
105.7	-3.940565946709707e-5
105.8	-4.6269817180028195e-5
105.9	-5.29506638863032e-5
106.0	-5.944237229976572e-5
106.1	-6.573947037449123e-5
106.2	-7.18368424625571e-5
106.3	-7.772972997977437e-5
106.4	-8.341373157088533e-5
106.5	-8.888480279404284e-5
106.6	-9.413925533502911e-5
106.7	-9.917375575416785e-5
106.8	-0.00010398532378104145
106.9	-0.00010857133016099548
107.0	-0.00011292949407643751
107.1	-0.00011705788013775338
107.2	-0.00012095489496892018
107.3	-0.0001246192833938595
107.4	-0.00012805012423377842
107.5	-0.0001312468257337827
107.6	-0.00013420912062604118
107.7	-0.0001369370608467486
107.8	-0.00013943101191442772
107.9	-0.00014169164699342438
108.0	-0.0001437199406420921
108.1	-0.00014551716227105533
108.2	-0.00014708486932017988
108.3	-0.0001484249001721969
108.4	-0.00014953936680849497
108.5	-0.00015043064723373385
108.6	-0.00015110137767190666
108.7	-0.00015155444455621807
108.8	-0.00015179297632488608
108.9	-0.00015182033503438044
109.0	-0.000151640107810339
109.1	-0.0001512560981427602
109.2	-0.00015067231704531535
109.3	-0.00014989297409349117
109.4	-0.0001489224683529293
109.5	-0.0001477653792102609
109.6	-0.00014642645712854144
109.7	-0.00014491061432893843
109.8	-0.00014322291542349935
109.9	-0.0001413685680046005
110.0	-0.00013935291320973911
110.1	-0.00013718141627091615
110.2	-0.00013485965706429276
110.3	-0.00013239332066861172
110.4	-0.00012978818795062995
110.5	-0.00012705012618364526
110.6	-0.0001241850797165578
110.7	-0.00012119906070034318
110.8	-0.00011809813988732348
110.9	-0.00011488843750854838
111.0	-0.00011157611424638956
111.1	-0.00010816736230984175
111.2	-0.00010466839662240291
111.3	-0.00010108544613106983
111.4	-9.742474525018805e-5
111.5	-9.369252544473636e-5
111.6	-8.989500696210418e-5
111.7	-8.603839072568712e-5
111.8	-8.212885039178001e-5
111.9	-7.817252457994159e-5
112.0	-7.417550928867326e-5
112.1	-7.014385049535769e-5
112.2	-6.608353694953773e-5
112.3	-6.200049317279262e-5
112.4	-5.790057266158775e-5
112.5	-5.3789551301313855e-5
112.6	-4.967312099897924e-5
112.7	-4.555688353943257e-5
112.8	-4.144634466413102e-5
112.9	-3.734690838137337e-5
113.0	-3.326387151434207e-5
113.1	-2.920241847742988e-5
113.2	-2.5167616300592948e-5
113.3	-2.1164409890842225e-5
113.4	-1.7197617539135542e-5
113.5	-1.327192667543319e-5
113.6	-9.391889867609082e-6
113.7	-5.561921069284368e-6
113.8	-1.7862921215249568e-6
113.9	1.930870505391446e-6
114.0	5.585588709948893e-6
114.1	9.174035518045443e-6
114.2	1.2692537587623319e-5
114.3	1.6137577466857676e-5
114.4	1.9505795605611473e-5
114.5	2.2793992127306708e-5
114.6	2.5999128350267124e-5
114.7	2.9118328073817873e-5
114.8	3.2148878626723824e-5
114.9	3.508823167613581e-5
115.0	3.7934003808814944e-5
115.1	4.06839768802135e-5
115.2	4.333609813672989e-5
115.3	4.5888480123390845e-5
115.4	4.8339400365080694e-5
115.5	5.068730083615033e-5
115.6	5.29307872244758e-5
115.7	5.5068627987494446e-5
115.8	5.7099753209395865e-5
115.9	5.9023253260658105e-5
116.0	6.0838377270684165e-5
116.1	6.254453141526786e-5
116.2	6.414127702469892e-5
116.3	6.56283285185473e-5
116.4	6.70055511695517e-5
116.5	6.827295870981822e-5
116.6	6.943071077977353e-5
116.7	7.047911022358993e-5
116.8	7.141860024762894e-5
116.9	7.224976143314084e-5
117.0	7.297330862306585e-5
117.1	7.359008768684844e-5
117.2	7.410107215458408e-5
117.3	7.450735975359934e-5
117.4	7.481016882968328e-5
117.5	7.501083467407461e-5
117.6	7.511080575647245e-5
117.7	7.511163987210328e-5
117.8	7.501500021137553e-5
117.9	7.482265135386914e-5
118.0	7.453645519723514e-5
118.1	7.415836682882039e-5
118.2	7.369043034169028e-5
118.3	7.31347746050224e-5
118.4	7.249360899229782e-5
118.5	7.176921908023484e-5
118.6	7.096396231322409e-5
118.7	7.008026365447616e-5
118.8	6.912061121371089e-5
118.9	6.808755187239562e-5
119.0	6.698368690098273e-5
119.1	6.581166758154398e-5
119.2	6.457419083584671e-5
119.3	6.32739948726776e-5
119.4	6.191385484801674e-5
119.5	6.049657855406625e-5
119.6	5.902500213898802e-5
119.7	5.750198586065828e-5
119.8	5.593040987844072e-5
119.9	5.4313170095839865e-5
120.0	5.265317404658332e-5
120.1	5.095333684212729e-5
120.2	4.921657717158433e-5
120.3	4.7445813369780874e-5
120.4	4.564395954963399e-5
120.5	4.381392180921683e-5
120.6	4.195859450986062e-5
120.7	4.008085663492357e-5
120.8	3.818356823517395e-5
120.9	3.6269566951178334e-5
121.0	3.4341664631067605e-5
121.1	3.240264403767735e-5
121.2	3.0455255651295542e-5
121.3	2.850221456847334e-5
121.4	2.654619750017739e-5
121.5	2.4589839873498637e-5
121.6	2.263573303477355e-5
121.7	2.068642156253002e-5
121.8	1.874440068333995e-5
121.9	1.68121138006091e-5
122.0	1.489195013178179e-5
122.1	1.2986242460044787e-5
122.2	1.1097264995281995e-5
122.3	9.227231351392516e-6
122.4	7.378292640673907e-6
122.5	5.55253567676247e-6
122.6	3.751981298807587e-6
122.7	1.978582809782219e-6
122.8	2.3422452995325353e-7
122.9	-1.4792795319126754e-6
123.0	-3.16018689190483e-6
123.1	-4.806827692129806e-6
123.2	-6.417605683755962e-6
123.3	-7.990999095460517e-6
123.4	-9.525561391214058e-6
123.5	-1.1019921911801994e-5
123.6	-1.2472786411517144e-5
123.7	-1.3882937475466388e-5
123.8	-1.5249234835460528e-5
123.9	-1.6570615575417546e-5
124.0	-1.7846094231164855e-5
124.1	-1.907476278443682e-5
124.2	-2.025579055748213e-5
124.3	-2.138842400615335e-5
124.4	-2.2471986411560532e-5
124.5	-2.3505877477940643e-5
124.6	-2.4489572835735544e-5
124.7	-2.542262345238136e-5
124.8	-2.630465495160996e-5
124.9	-2.7135366850707357e-5
125.0	-2.7914531703648938e-5
125.1	-2.8641994172294316e-5
125.2	-2.931767001068182e-5
125.3	-2.9941544974000586e-5
125.4	-3.0513673656006928e-5
125.5	-3.1034178252041784e-5
125.6	-3.150324725307353e-5
125.7	-3.192113407840168e-5
125.8	-3.228815563944233e-5
125.9	-3.260469084819511e-5
126.0	-3.2871179067651275e-5
126.1	-3.308811850845161e-5
126.2	-3.325606457308645e-5
126.3	-3.3375628154331005e-5
126.4	-3.344747389047631e-5
126.5	-3.34723183739296e-5
126.6	-3.3450928327214206e-5
126.7	-3.338411873733148e-5
126.8	-3.3272750964458135e-5
126.9	-3.311773081429519e-5
127.0	-3.292000659050513e-5
127.1	-3.268056712030779e-5
127.2	-3.240043976091536e-5
127.3	-3.208068838546955e-5
127.4	-3.172241136188605e-5
127.5	-3.132673951247908e-5
127.6	-3.089483406853879e-5
127.7	-3.042788462222054e-5
127.8	-2.992710706939924e-5
127.9	-2.939374155706254e-5
128.0	-2.8829050429542962e-5
128.1	-2.8234316186246372e-5
128.2	-2.7610839439794966e-5
128.3	-2.6959936890267878e-5
128.4	-2.6282939308211073e-5
128.5	-2.5581189538618386e-5
128.6	-2.485604051587987e-5
128.7	-2.4108853303243325e-5
128.8	-2.3340995155570393e-5
128.9	-2.2553837601836616e-5
129.0	-2.1748754559106372e-5
129.1	-2.0927120473260414e-5
129.2	-2.0090308490707188e-5
129.3	-1.9239688662363616e-5
129.4	-1.8376626181417128e-5
129.5	-1.750247965901972e-5
129.6	-1.661859943828201e-5
129.7	-1.5726325943280963e-5
129.8	-1.4826988075033696e-5
129.9	-1.392190164488423e-5
130.0	-1.3012367855913175e-5
130.1	-1.2099671825669134e-5
130.2	-1.1185081156305367e-5
130.3	-1.026984455367882e-5
130.4	-9.355190492594271e-6
130.5	-8.442325932787871e-6
130.6	-7.532435083367259e-6
130.7	-6.626678221496635e-6
130.8	-5.726190559009003e-6
130.9	-4.832081162585079e-6
131.0	-3.9454319276410284e-6
131.1	-3.0672966060486748e-6
131.2	-2.198699885325814e-6
131.3	-1.3406365232737845e-6
131.4	-4.940705350633829e-7
131.5	3.400655619923794e-7
131.6	1.160871451342923e-6
131.7	1.9674796666411217e-6
131.8	2.759056183541287e-6
131.9	3.534800962130827e-6
132.0	4.293948428362906e-6
132.1	5.035767909390245e-6
132.2	5.759564009295016e-6
132.3	6.464676935690495e-6
132.4	7.1504827714256415e-6
132.5	7.816393694264854e-6
132.6	8.46185814639375e-6
132.7	9.086360954823665e-6
132.8	9.68942339514479e-6
132.9	1.0270603213799301e-5
133.0	1.0829494595212092e-5
133.1	1.1365728086151335e-5
133.2	1.1878970470422899e-5
133.3	1.2368924599066248e-5
133.4	1.2835329173036276e-5
133.5	1.3277958488116176e-5
133.6	1.3696622128627774e-5
133.7	1.409116462855591e-5
133.8	1.4461465083975088e-5
133.9	1.4807436732709571e-5
134.0	1.5129026491434992e-5
134.1	1.5426214460336284e-5
134.2	1.5699013385937263e-5
134.3	1.594746809720284e-5
134.4	1.617165490215656e-5
134.5	1.637168096027962e-5
134.6	1.6547683614470505e-5
134.7	1.6699829704445367e-5
134.8	1.6828314848477854e-5
134.9	1.6933362696648308e-5
135.0	1.701522416437291e-5
135.1	1.7074176639974257e-5
135.2	1.7110523171028672e-5
135.3	1.7124591630353358e-5
135.4	1.7116733863844554e-5
135.5	1.7087324821122837e-5
135.6	1.7036761669929724e-5
135.7	1.6965462893971676e-5
135.8	1.6873867381995245e-5
135.9	1.6762433502834876e-5
136.0	1.6631638169536456e-5
136.1	1.648197589540106e-5
136.2	1.6313957844341296e-5
136.3	1.6128110873008916e-5
136.4	1.592497656812389e-5
136.5	1.5705110284209925e-5
136.6	1.5469080173118602e-5
136.7	1.5217466219707527e-5
136.8	1.4950859274109112e-5
136.9	1.4669860085660676e-5
137.0	1.4375078343038696e-5
137.1	1.4067131714833675e-5
137.2	1.3746644899008947e-5
137.3	1.3414248677591357e-5
137.4	1.3070578981382865e-5
137.5	1.2716275958823218e-5
137.6	1.2351983059922805e-5
137.7	1.1978346128275748e-5
137.8	1.1596012507593411e-5
137.9	1.1205630159572486e-5
138.0	1.080784679527408e-5
138.1	1.040330902304369e-5
138.2	9.992661511858334e-6
138.3	9.576546171813996e-6
138.4	9.155601350246006e-6
138.5	8.73046104777796e-6
138.6	8.301754152622426e-6
138.7	7.870103697342431e-6
138.8	7.436126126976729e-6
138.9	7.000430602633842e-6
139.0	6.563618312710986e-6
139.1	6.1262818155655325e-6
139.2	5.689004397113866e-6
139.3	5.252359459211054e-6
139.4	4.81690992558064e-6
139.5	4.383207676267905e-6
139.6	3.951793000691445e-6
139.7	3.5231940785839093e-6
139.8	3.0979264890833064e-6
139.9	2.6764927380585027e-6
140.0	2.2593818120360934e-6
140.1	1.8470687630598172e-6
140.2	1.440014314395091e-6
140.3	1.0386644905083295e-6
140.4	6.434502762819047e-7
140.5	2.547872999885241e-7
140.6	-1.2692445674812575e-7
140.7	-5.013009255061755e-7
140.8	-8.679741905153145e-7
140.9	-1.2265927023092215e-6
141.0	-1.5768214692867562e-6
141.1	-1.9183422175591456e-6
141.2	-2.2508535348054387e-6
141.3	-2.574070980991402e-6
141.4	-2.8877271822995354e-6
141.5	-3.1915718931745583e-6
141.6	-3.4853720414609395e-6
141.7	-3.7689117463572553e-6
141.8	-4.041992314852595e-6
141.9	-4.304432213108418e-6
142.0	-4.55606702036949e-6
142.1	-4.7967493553153035e-6
142.2	-5.026348785008805e-6
142.3	-5.244751711034199e-6
142.4	-5.451861238829799e-6
142.5	-5.647597020629055e-6
142.6	-5.8318950852832765e-6
142.7	-6.004707646401791e-6
142.8	-6.166002891909351e-6
142.9	-6.315764758888386e-6
143.0	-6.4539926884283955e-6
143.1	-6.580701363835061e-6
143.2	-6.695920436930123e-6
143.3	-6.799694235205762e-6
143.4	-6.892081455715842e-6
143.5	-6.973154846028851e-6
143.6	-7.043000871345599e-6
143.7	-7.101719368741269e-6
143.8	-7.149423189482698e-6
143.9	-7.186237831828019e-6
144.0	-7.2123010604195985e-6
144.1	-7.2277625186129785e-6
144.2	-7.232783329850818e-6
144.3	-7.227535692546117e-6
144.4	-7.21220246358977e-6
144.5	-7.186976739316777e-6
144.6	-7.152061425476932e-6
144.7	-7.107668805445462e-6
144.8	-7.054020101393507e-6
144.9	-6.991345029698154e-6
145.0	-6.919881356140132e-6
145.1	-6.839874444677091e-6
145.2	-6.751576805776038e-6
145.3	-6.655247641088401e-6
145.4	-6.551152389615008e-6
145.5	-6.439562269870435e-6
145.6	-6.320753826792041e-6
145.7	-6.195008473166037e-6
145.8	-6.062612037218489e-6
145.9	-5.923854310746055e-6
146.0	-5.779028597853875e-6
146.1	-5.628431269695334e-6
146.2	-5.472361319743221e-6
146.3	-5.311119926557837e-6
146.4	-5.145010014340043e-6
146.5	-4.974335827136001e-6
146.6	-4.79940250403901e-6
146.7	-4.620515660170634e-6
146.8	-4.43798097354345e-6
146.9	-4.252103780270416e-6
147.0	-4.063188679543472e-6
147.1	-3.8715391396038615e-6
147.2	-3.6774571179999844e-6
147.3	-3.481242687494325e-6
147.4	-3.2831936698435173e-6
147.5	-3.083605282683871e-6
147.6	-2.882769791711723e-6
147.7	-2.680976173158659e-6
147.8	-2.4785097893304287e-6
147.9	-2.275652070655141e-6
148.0	-2.0726802113629362e-6
148.1	-1.8698668743399e-6
148.2	-1.6674799050459964e-6
148.3	-1.4657820619421349e-6
148.4	-1.2650307524529982e-6
148.5	-1.0654777842413319e-6
148.6	-8.67369125906157e-7
148.7	-6.709446814315046e-7
148.8	-4.7643807420914535e-7
148.9	-2.8407644563928833e-7
149.0	-9.40802624102226e-8
149.1	9.33368622913522e-8
149.2	2.779683337219631e-7
149.3	4.596147310784888e-7
149.4	6.38083951159395e-7
149.5	8.131913376878258e-7
149.6	9.847598014754596e-7
149.7	1.1526199235568813e-6
149.8	1.316610053658789e-6
149.9	1.4765763908886408e-6
150.0	1.6323730542310646e-6
150.1	1.7838621428231863e-6
150.2	1.930913783792425e-6
150.3	2.0734061672749587e-6
150.4	2.2112255726949517e-6
150.5	2.3442663819714304e-6
150.6	2.47243108297475e-6
150.7	2.595630261118534e-6
150.8	2.7137825815210582e-6
150.9	2.8268147599432445e-6
151.0	2.9346615248266896e-6
151.1	3.037265566006598e-6
151.2	3.13457747915629e-6
151.3	3.226555696034185e-6
151.4	3.3131664071527345e-6
151.5	3.394383477070148e-6
151.6	3.470188348032595e-6
151.7	3.5405699369828757e-6
151.8	3.6055245249533725e-6
151.9	3.6650556374244306e-6
152.0	3.7191739167807612e-6
152.1	3.767896988775064e-6
152.2	3.811249321639899e-6
152.3	3.849262078848008e-6
152.4	3.881972963384306e-6
152.5	3.909426058664945e-6
152.6	3.9316716630282725e-6
152.7	3.9487661180036485e-6
152.8	3.9607716319203466e-6
152.9	3.967756097747116e-6
153.0	3.969792909990835e-6
153.1	3.966960772497994e-6
153.2	3.959343506003273e-6
153.3	3.9470298512973116e-6
153.4	3.930113267677368e-6
153.5	3.908691730991584e-6
153.6	3.882867528188725e-6
153.7	3.852747048104225e-6
153.8	3.818440572920035e-6
153.9	3.780062066345394e-6
154.0	3.7377289608145334e-6
154.1	3.691561943271636e-6
154.2	3.6416847420748203e-6
154.3	3.5882239109395894e-6
154.4	3.531308614692949e-6
154.5	3.471070414313261e-6
154.6	3.4076430524958024e-6
154.7	3.341162240788557e-6
154.8	3.2717654457831426e-6
154.9	3.1995916791049e-6
155.0	3.124781286661761e-6
155.1	3.04747574126447e-6
155.2	2.967817436568498e-6
155.3	2.8859494832827678e-6
155.4	2.8020155076162356e-6
155.5	2.7161594532295677e-6
155.6	2.628525385271168e-6
155.7	2.5392572979737766e-6
155.8	2.4484989261052625e-6
155.9	2.3563935591873586e-6
156.0	2.263083858660431e-6
156.1	2.1687116807414745e-6
156.2	2.073417903251314e-6
156.3	1.977342253977683e-6
156.4	1.8806231475132584e-6
156.5	1.7833975234333924e-6
156.6	1.6858006897798699e-6
156.7	1.587966172467086e-6
156.8	1.4900255689427546e-6
156.9	1.3921084058297644e-6
157.0	1.2943420043340005e-6
157.1	1.1968513477199896e-6
157.2	1.0997589555137195e-6
157.3	1.0031847646363678e-6
157.4	9.072460127770391e-7
157.5	8.120571296672445e-7
157.6	7.177296336821654e-7
157.7	6.243720330467795e-7
157.8	5.320897328649482e-7
157.9	4.409849486947631e-7
158.0	3.5115662536759013e-7
158.1	2.6270036072165627e-7
158.2	1.7570833622739494e-7
158.3	9.0269252444148e-8
158.4	6.468270849898095e-9
158.5	-7.561303895745188e-8
158.6	-1.5589674652553528e-7
158.7	-2.343086032692258e-7
158.8	-3.107780764705643e-7
158.9	-3.8523838175066133e-7
159.0	-4.5762650732684914e-7
159.1	-5.278832331084673e-7
159.2	-5.959531458002122e-7
159.3	-6.617846479517855e-7
159.4	-7.253299611463742e-7
159.5	-7.865451257806653e-7
159.6	-8.453899935246427e-7
159.7	-9.018282171443463e-7
159.8	-9.55827233838824e-7
159.9	-1.0073582448705388e-6
160.0	-1.0563961898674166e-6
160.1	-1.1029197172368259e-6
160.2	-1.1469111491373384e-6
160.3	-1.1883564438056535e-6
160.4	-1.2272451527631548e-6
160.5	-1.2635703730895749e-6
160.6	-1.2973286974510549e-6
160.7	-1.328520159661994e-6
160.8	-1.357148177127605e-6
160.9	-1.3832194880991356e-6
161.0	-1.4067440878610568e-6
161.1	-1.427735160250457e-6
161.2	-1.4462090062037475e-6
161.3	-1.4621849699847365e-6
161.4	-1.475685362681807e-6
161.5	-1.486735382181547e-6
161.6	-1.4953630312431372e-6
161.7	-1.501599033385549e-6
161.8	-1.5054767469952279e-6
161.9	-1.5070320756166283e-6
162.0	-1.506303378897885e-6
162.1	-1.5033313794943742e-6
162.2	-1.4981590701408083e-6
162.3	-1.4908316186106795e-6
162.4	-1.4813962712984208e-6
162.5	-1.4699022548733854e-6
162.6	-1.456400679803469e-6
162.7	-1.4409444390607276e-6
162.8	-1.4235881096205562e-6
162.9	-1.4043878515259337e-6
163.0	-1.3834013071905184e-6
163.1	-1.360687499836771e-6
163.2	-1.33630673298617e-6
163.3	-1.3103204884283862e-6
163.4	-1.282791326286916e-6
163.5	-1.253782783010971e-6
163.6	-1.2233592718185207e-6
163.7	-1.1915859825275363e-6
163.8	-1.1585287828351474e-6
163.9	-1.1242541192161949e-6
164.0	-1.0888289200610437e-6
164.1	-1.052320498763896e-6
164.2	-1.0147964588056233e-6
164.3	-9.763245989091043e-7
164.4	-9.369728209370757e-7
164.5	-8.968090384404077e-7
164.6	-8.559010861265911e-7
164.7	-8.143166324586095e-7
164.8	-7.721230930121539e-7
164.9	-7.293875447691551e-7
165.0	-6.861766446547588e-7
165.1	-6.425565478586112e-7
165.2	-5.98592829207094e-7
165.3	-5.543504057938613e-7
165.4	-5.0989346344814e-7
165.5	-4.6528538334667967e-7
165.6	-4.2058867280689887e-7
165.7	-3.758648965420594e-7
165.8	-3.311746121651884e-7
165.9	-2.865773067133134e-7
166.0	-2.421313362726449e-7
166.1	-1.97893868660193e-7
166.2	-1.539208263213325e-7
166.3	-1.1026683556658317e-7
166.4	-6.698517544527705e-8
166.5	-2.412772959879938e-8
166.6	1.8255057818821432e-8
166.7	6.011422453992386e-8
166.8	1.0140233078810487e-7
166.9	1.420734944681187e-7
167.0	1.820834267192981e-7
167.1	2.213894640305747e-7
167.2	2.5995059523647565e-7
167.3	2.9772748897674117e-7
167.4	3.3468251762254487e-7
167.5	3.707797770303123e-7
167.6	4.059851057621938e-7
167.7	4.402661002632308e-7
167.8	4.7359212843904506e-7
167.9	5.059343397132714e-7
168.0	5.372656732637164e-7
168.1	5.675608634119374e-7
168.2	5.967964427895088e-7
168.3	6.249507429291594e-7
168.4	6.520038924259242e-7
168.5	6.779378127979396e-7
168.6	7.027362124208739e-7
168.7	7.263845772349175e-7
168.8	7.488701603647399e-7
168.9	7.701819692903297e-7
169.0	7.903107499001086e-7
169.1	8.092489701189626e-7
169.2	8.269908005521012e-7
169.3	8.435320935562661e-7
169.4	8.588703596906442e-7
169.5	8.730047439525475e-7
169.6	8.85935998687698e-7
169.7	8.976664555266236e-7
169.8	9.081999957536373e-7
169.9	9.175420185140046e-7
170.0	9.256994092778794e-7
170.1	9.326805045200305e-7
170.2	9.384950560879433e-7
170.3	9.431541955792535e-7
170.4	9.466703952153005e-7
170.5	9.490574295965092e-7
170.6	9.503303343647946e-7
170.7	9.505053665604169e-7
170.8	9.495999612804521e-7
170.9	9.476326894052396e-7
171.0	9.446232136575351e-7
171.1	9.405922442681277e-7
171.2	9.355614940804576e-7
171.3	9.295536327324194e-7
171.4	9.225922405518431e-7
171.5	9.147017622483096e-7
171.6	9.05907460014703e-7
171.7	8.962353662599801e-7
171.8	8.857122362914355e-7
171.9	8.74365500486729e-7
172.0	8.622232172251597e-7
172.1	8.493140250790916e-7
172.2	8.356670948398117e-7
172.3	8.213120825196013e-7
172.4	8.062790814850084e-7
172.5	7.905985756936791e-7
172.6	7.743013927100671e-7
172.7	7.574186577233482e-7
172.8	7.39981746655655e-7
172.9	7.220222406714549e-7
173.0	7.035718811871605e-7
173.1	6.846625254864604e-7
173.2	6.653261023055322e-7
173.3	6.455945688812049e-7
173.4	6.254998676862035e-7
173.5	6.050738850354005e-7
173.6	5.843484097479821e-7
173.7	5.63355092809782e-7
173.8	5.421254080433114e-7
173.9	5.206906136533167e-7
174.0	4.990817138063201e-7
174.1	4.773294230289749e-7
174.2	4.5546413009320997e-7
174.3	4.335158633740757e-7
174.4	4.1151425729407903e-7
174.5	3.8948852019405393e-7
174.6	3.674674022105481e-7
174.7	3.4547916596731e-7
174.8	3.235515567942897e-7
174.9	3.017117752364994e-7
175.0	2.799864500934219e-7
175.1	2.5840161315536004e-7
175.2	2.369826749422647e-7
175.3	2.1575440113251273e-7
175.4	1.9474089157982032e-7
175.5	1.739655592526185e-7
175.6	1.5345111049115723e-7
175.7	1.3321952804054168e-7
175.8	1.1329205338066844e-7
175.9	9.368917162070724e-8
176.0	7.4430597071742e-8
176.1	5.553526032943832e-8
176.2	3.702129611370518e-8
176.3	1.8906033498055007e-8
176.4	1.2059862755249145e-9
176.5	-1.6063155440858976e-8
176.6	-3.288653132909205e-8
176.7	-4.92501171345559e-8
176.8	-6.514072858450446e-8
176.9	-8.054602476190135e-8
177.0	-9.545451018605691e-8
177.1	-1.0985553574496283e-7
177.2	-1.2373929826567357e-7
177.3	-1.3709683953893615e-7
177.4	-1.4992004372161953e-7
177.5	-1.622016334565192e-7
177.6	-1.7393516573614836e-7
177.7	-1.8511502679395433e-7
177.8	-1.9573642411299973e-7
177.9	-2.0579538028503373e-7
178.0	-2.152887236709676e-7
178.1	-2.2421407945287362e-7
178.2	-2.3256985921493317e-7
178.3	-2.4035524937864674e-7
178.4	-2.4757019994721256e-7
178.5	-2.542154110933887e-7
178.6	-2.60292319652835e-7
178.7	-2.6580308486165234e-7
178.8	-2.707505735635828e-7
178.9	-2.751383440615936e-7
179.0	-2.7897063031751445e-7
179.1	-2.822523242641287e-7
179.2	-2.8498895879403276e-7
179.3	-2.871866893757998e-7
179.4	-2.888522756405489e-7
179.5	-2.89993062172648e-7
179.6	-2.9061695884080526e-7
179.7	-2.907324209168951e-7
179.8	-2.9034842880085326e-7
179.9	-2.8947446730465844e-7
180.0	-2.881205046232167e-7
180.1	-2.86296970749739e-7
180.2	-2.8401473648933854e-7
180.3	-2.8128509103915185e-7
180.4	-2.7811972073834305e-7
180.5	-2.7453068642769834e-7
180.6	-2.7053040141917866e-7
180.7	-2.661316091599598e-7
180.8	-2.6134736079954944e-7
180.9	-2.561909931337132e-7
181.0	-2.506761057517772e-7
181.1	-2.4481653877054966e-7
181.2	-2.3862635070397814e-7
181.3	-2.3211979623805953e-7
181.4	-2.2531130393464425e-7
181.5	-2.1821545444716352e-7
181.6	-2.1084695874158514e-7
181.7	-2.0322063641345014e-7
181.8	-1.9535139427248943e-7
181.9	-1.8725420548826104e-7
182.0	-1.7894408840437e-7
182.1	-1.7043608626707576e-7
182.2	-1.617452466196422e-7
182.3	-1.5288660202855888e-7
182.4	-1.4387514984975028e-7
182.5	-1.3472583347742717e-7
182.6	-1.254535232210902e-7
182.7	-1.1607299843343465e-7
182.8	-1.0659892916241328e-7
182.9	-9.704585868638649e-8
183.0	-8.74281868718239e-8
183.1	-7.776015328628048e-8
183.2	-6.805582083394999e-8
183.3	-5.832906117618456e-8
183.4	-4.85935386362838e-8
183.5	-3.886269651758593e-8
183.6	-2.9149742389054306e-8
183.7	-1.9467635453535535e-8
183.8	-9.829072969099237e-9
183.9	-2.464784832356109e-10
184.0	9.268010516139534e-9
184.1	1.870255313830837e-8
184.2	2.8045615836555485e-8
184.3	3.728598252689394e-8
184.4	4.6412764097071416e-8
184.5	5.5415407129825307e-8
184.6	6.428370202576158e-8
184.7	7.300779071753076e-8
184.8	8.157817354363296e-8
184.9	8.99857160413462e-8
185.0	9.822165471502913e-8
185.1	1.0627760215972231e-7
185.2	1.1414555156592592e-7
185.3	1.2181788156136333e-7
185.4	1.2928735886626717e-7
185.5	1.365471417314012e-7
185.6	1.4359078221123565e-7
185.7	1.5041222818897047e-7
185.8	1.5700582450225734e-7
185.9	1.6336631338165905e-7
186.0	1.6948883509380218e-7
186.1	1.7536892748719306e-7
186.2	1.8100252515707887e-7
186.3	1.8638595799368475e-7
186.4	1.9151594928328623e-7
186.5	1.9638961353756927e-7
186.6	2.0100445372980493e-7
186.7	2.05358357591193e-7
186.8	2.0944959430540188e-7
186.9	2.1327681026085506e-7
187.0	2.1683902427712558e-7
187.1	2.2013562279260212e-7
187.2	2.2316635418006315e-7
187.3	2.259313233082116e-7
187.4	2.284309850991684e-7
187.5	2.3066613805687014e-7
187.6	2.3263791761994332e-7
187.7	2.3434778846124067e-7
187.8	2.3579753747900078e-7
187.9	2.369892657764057e-7
188.0	2.3792538059063447e-7
188.1	2.386085869205201e-7
188.2	2.3904187894819614e-7
188.3	2.3922853115959464e-7
188.4	2.3917208934347546e-7
188.5	2.3887636125355594e-7
188.6	2.3834540728285207e-7
188.7	2.3758353052763335e-7
188.8	2.365952674520569e-7
188.9	2.3538537752576505e-7
189.0	2.339588337032377e-7
189.1	2.3232081145689424e-7
189.2	2.304766794400991e-7
189.3	2.2843198827175615e-7
189.4	2.2619246091000897e-7
189.5	2.2376398159503813e-7
189.6	2.2115258591380474e-7
189.7	2.1836444954450168e-7
189.8	2.1540587860263196e-7
189.9	2.1228329833660596e-7
190.0	2.0900324327949235e-7
190.1	2.055723463215086e-7
190.2	2.019973286409231e-7
190.3	1.9828498900548787e-7
190.4	1.9444219384514737e-7
190.5	1.9047586661203536e-7
190.6	1.863929786687561e-7
190.7	1.8220053776381891e-7
190.8	1.7790557947672048e-7
190.9	1.735151567730458e-7
191.0	1.6903633095276488e-7
191.1	1.6447616154142235e-7
191.2	1.598416976483598e-7
191.3	1.551399683718177e-7
191.4	1.5037797425184308e-7
191.5	1.4556267810360705e-7
191.6	1.4070099698580378e-7
191.7	1.357997934156688e-7
191.8	1.3086586762633483e-7
191.9	1.2590594910804873e-7
192.0	1.2092668968876536e-7
192.1	1.1593465538716496e-7
192.2	1.1093631962697409e-7
192.3	1.0593805610939238e-7
192.4	1.0094613207996351e-7
192.5	9.59667020941387e-8
192.6	9.100580154794905e-8
192.7	8.606934079615052e-8
192.8	8.116309954533645e-8
192.9	7.629272148606929e-8
193.0	7.146370906380022e-8
193.1	6.66814186818969e-8
193.2	6.195105602846993e-8
193.3	5.7277671731110324e-8
193.4	5.2666157477110945e-8
193.5	4.81212423351215e-8
193.6	4.3647488873694226e-8
193.7	3.924929053970834e-8
193.8	3.4930868090142624e-8
193.9	3.0696267419481865e-8
194.0	2.6549357249880374e-8
194.1	2.2493826405439934e-8
194.2	1.8533182570438533e-8
194.3	1.467075066982582e-8
194.4	1.0909671487256848e-8
194.5	7.252900161293605e-9
194.6	3.703206852439934e-9
194.7	2.6317435893621204e-10
194.8	-3.064800667294291e-9
194.9	-6.2785086828648925e-9
195.0	-9.375926007562683e-9
195.1	-1.2355215666898237e-8
195.2	-1.5214725194142687e-8
195.3	-1.7952987036900545e-8
195.4	-2.0568716184791887e-8
195.5	-2.3060809827746367e-8
195.6	-2.5428344768234897e-8
195.7	-2.7670576364556205e-8
195.8	-2.978693612443205e-8
195.9	-3.1777029653933145e-8
196.0	-3.3640633775969314e-8
196.1	-3.537769462169757e-8
196.2	-3.698832441120246e-8
196.3	-3.8472798484030153e-8
196.4	-3.983155238556482e-8
196.5	-4.106517863197709e-8
196.6	-4.217442273512887e-8
196.7	-4.316018039312933e-8
196.8	-4.402349321022336e-8
196.9	-4.476554505991285e-8
197.0	-4.5387658335016234e-8
197.1	-4.589128954162881e-8
197.2	-4.62780251450958e-8
197.3	-4.654957748428561e-8
197.4	-4.6707780229991005e-8
197.5	-4.675458398404481e-8
197.6	-4.669205175592784e-8
197.7	-4.652235437219162e-8
197.8	-4.6247765674280815e-8
197.9	-4.587065769202789e-8
198.0	-4.5393496503458756e-8
198.1	-4.481883660951723e-8
198.2	-4.414931637530153e-8
198.3	-4.33876532200552e-8
198.4	-4.2536638788965354e-8
198.5	-4.159913374411814e-8
198.6	-4.057806311633821e-8
198.7	-3.947641118124254e-8
198.8	-3.8297216608099946e-8
198.9	-3.704356756364978e-8
199.0	-3.571859677121582e-8
199.1	-3.4325476697486896e-8
199.2	-3.2867414653470744e-8
199.3	-3.1347647941088995e-8
199.4	-2.9769439339309108e-8
199.5	-2.8136071959427894e-8
199.6	-2.645084506507871e-8
199.7	-2.471706912740154e-8
199.8	-2.2938061403659804e-8
199.9	-2.111714143852078e-8
200.0	-1.9257626712461345e-8
200.1	-1.736282819610083e-8
200.2	-1.5436046326152635e-8
200.3	-1.3480566597741361e-8
200.4	-1.1499655765628754e-8
200.5	-9.496557500735554e-9
200.6	-7.474488938715902e-9
200.7	-5.4366366148007254e-9
200.8	-3.3861529195644345e-9
200.9	-1.3261525473491752e-9
201.0	7.402911256683502e-10
201.1	2.810149125979402e-9
201.2	4.880440309921431e-9
201.3	6.948234298163852e-9
201.4	9.010654648255354e-9
201.5	1.1064881561802332e-8
201.6	1.3108154904971846e-8
201.7	1.513777633151799e-8
201.8	1.7151112180444516e-8
201.9	1.9145595724109258e-8
202.0	2.1118729414699987e-8
202.1	2.3068086921626807e-8
202.2	2.499131530547412e-8
202.3	2.6886136476590007e-8
202.4	2.8750349495812564e-8
202.5	3.0581831386960243e-8
202.6	3.237853948363423e-8
202.7	3.4138511957570864e-8
202.8	3.585986974480494e-8
202.9	3.7540816778632555e-8
203.0	3.917964180666606e-8
203.1	4.0774718407623133e-8
203.2	4.232450648011117e-8
203.3	4.3827552043494755e-8
203.4	4.5282488295324216e-8
203.5	4.6688035372806625e-8
203.6	4.8043001072918405e-8
203.7	4.934628058333263e-8
203.8	5.059685663313623e-8
203.9	5.1793799246998684e-8
204.0	5.2936265545812924e-8
204.1	5.402349923306865e-8
204.2	5.505483031853822e-8
204.3	5.6029674355178995e-8
204.4	5.694753205053865e-8
204.5	5.7807987811439177e-8
204.6	5.861070980605062e-8
204.7	5.9355448189114606e-8
204.8	6.004203439294766e-8
204.9	6.067037997150788e-8
205.0	6.124047514230683e-8
205.1	6.175238766325426e-8
205.2	6.220626149926735e-8
205.3	6.260231498653849e-8
205.4	6.294083969312648e-8
205.5	6.322219849329626e-8
205.6	6.344682392542507e-8
205.7	6.36152165696341e-8
205.8	6.372794311086987e-8
205.9	6.378563459811979e-8
206.0	6.378898431642837e-8
206.1	6.373874606430914e-8
206.2	6.363573187248719e-8
206.3	6.34808101047766e-8
206.4	6.327490338571881e-8
206.5	6.301898642143024e-8
206.6	6.27140837373109e-8
206.7	6.236126758004159e-8
206.8	6.196165570723236e-8
206.9	6.151640916471442e-8
207.0	6.102672988310804e-8
207.1	6.049385849938119e-8
207.2	5.991907212667329e-8
207.3	5.9303682004997565e-8
207.4	5.864903108795491e-8
207.5	5.7956491860927484e-8
207.6	5.722746403255815e-8
207.7	5.646337222861994e-8
207.8	5.566566358066988e-8
207.9	5.483580563643534e-8
208.0	5.397528382791254e-8
208.1	5.3085599488670696e-8
208.2	5.216826748241307e-8
208.3	5.1224813907651906e-8
208.4	5.0256773906361956e-8
208.5	4.9265689876815006e-8
208.6	4.825310860072771e-8
208.7	4.7220579769158126e-8
208.8	4.6169653537395746e-8
208.9	4.5101878769727245e-8
209.0	4.401880073705878e-8
209.1	4.292195921288841e-8
209.2	4.181288675474211e-8
209.3	4.069310644475166e-8
209.4	3.9564130632143975e-8
209.5	3.842745814994966e-8
209.6	3.728457387477973e-8
209.7	3.6136945672722e-8
209.8	3.498602394954342e-8
209.9	3.3833238953700996e-8
210.0	3.268000029965759e-8
210.1	3.152769447303151e-8
210.2	3.037768426107543e-8
210.3	2.9231306453701443e-8
210.4	2.808987184625166e-8
210.5	2.695466227297921e-8
210.6	2.5826930965463868e-8
210.7	2.4707900219240717e-8
210.8	2.3598761339171638e-8
210.9	2.2500672411247534e-8
211.0	2.1414758786564247e-8
211.1	2.0342110586620473e-8
211.2	1.9283783392377967e-8
211.3	1.8240795978402958e-8
211.4	1.7214131053813194e-8
211.5	1.6204733274339624e-8
211.6	1.5213509616707036e-8
211.7	1.4241328166790462e-8
211.8	1.3289018199895256e-8
211.9	1.2357369239736003e-8
212.0	1.1447130983557868e-8
212.1	1.0559012899883265e-8
212.2	9.693684080001348e-9
212.3	8.851772884093908e-9
212.4	8.033867020215517e-9
212.5	7.240513185447221e-9
212.6	6.472217149529817e-9
212.7	5.729444171357043e-9
212.8	5.012618341443396e-9
212.9	4.322123290472739e-9
213.0	3.6583021889668515e-9
213.1	3.0214578912156986e-9
213.2	2.4118534304846582e-9
213.3	1.8297121943103634e-9
213.4	1.2752183611138636e-9
213.5	7.485172288941704e-10
213.6	2.497158759467322e-10
213.7	-2.211165745916933e-10
213.8	-6.63948182467835e-10
213.9	-1.0787838309656949e-9
214.0	-1.465664207250818e-9
214.1	-1.8246656098923227e-9
214.2	-2.1558990169980976e-9
214.3	-2.4595093414115534e-9
214.4	-2.7356746696866584e-9
214.5	-2.9846055067605024e-9
214.6	-3.2065439793038795e-9
214.7	-3.4017628013009803e-9
214.8	-3.570564703597983e-9
214.9	-3.7132812202506737e-9
215.0	-3.830272179069985e-9
215.1	-3.921924104654722e-9
215.2	-3.9886499400394255e-9
215.3	-4.030887447227449e-9
215.4	-4.0490988950867875e-9
215.5	-4.04376932491628e-9
215.6	-4.015406118838379e-9
215.7	-3.964537535947331e-9
215.8	-3.8917118907937356e-9
215.9	-3.7974964690369285e-9
216.0	-3.682476469196863e-9
216.1	-3.5472536930246254e-9
216.2	-3.3924460213387218e-9
216.3	-3.2186856840668413e-9
216.4	-3.02661869714291e-9
216.5	-2.816903477798231e-9
216.6	-2.5902099682962862e-9
216.7	-2.347218356542841e-9
216.8	-2.0886182778301406e-9
216.9	-1.8151074192710901e-9
217.0	-1.527390908381871e-9
217.1	-1.2261798442438993e-9
217.2	-9.121905669488184e-10
217.3	-5.861432443662256e-10
217.4	-2.487613615347599e-10
217.5	9.922963823825547e-11
217.6	4.5710302957511724e-10
217.7	8.241321984719419e-10
217.8	1.199591192715403e-9
217.9	1.5827559366445929e-9
218.0	1.9729049624697573e-9
218.1	2.3693203464320685e-9
218.2	2.7712887265904936e-9
218.3	3.178101906921942e-9
218.4	3.5890579957138907e-9
218.5	4.0034619087113975e-9
218.6	4.420626362642833e-9
218.7	4.839872604326163e-9
218.8	5.2605311828043786e-9
218.9	5.681942352566514e-9
219.0	6.103457597010673e-9
219.1	6.524438950933705e-9
219.2	6.944261066805685e-9
219.3	7.362310868303187e-9
219.4	7.777988634593264e-9
219.5	8.190708001214639e-9
219.6	8.599897378150447e-9
219.7	9.004999518238818e-9
219.8	9.40547267315099e-9
219.9	9.800790534039712e-9
220.0	1.019044319386706e-8
220.1	1.0573936996158301e-8
220.2	1.0950795369439421e-8
220.3	1.1320558613078185e-8
220.4	1.168278485230225e-8
220.5	1.2037049691650907e-8
220.6	1.238294714517946e-8
220.7	1.2720088989701973e-8
220.8	1.3048106080913072e-8
220.9	1.3366647104347155e-8
221.0	1.3675380334343623e-8
221.1	1.3973992146971333e-8
221.2	1.4262188411287026e-8
221.3	1.4539693801455214e-8
221.4	1.4806252020719608e-8
221.5	1.506162578118225e-8
221.6	1.5305597045775158e-8
221.7	1.553796659628539e-8
221.8	1.5758554120018357e-8
221.9	1.5967198331970288e-8
222.0	1.616375650217447e-8
222.1	1.6348104593510373e-8
222.2	1.6520136923319016e-8
222.3	1.66797662240065e-8
222.4	1.6826923037780784e-8
222.5	1.6961556122884325e-8
222.6	1.7083631500892448e-8
222.7	1.7193132705460154e-8
222.8	1.729006023381387e-8
222.9	1.737443148241964e-8
223.0	1.744628021328994e-8
223.1	1.7505656454039337e-8
223.2	1.7552625822796742e-8
223.3	1.7587269601732405e-8
223.4	1.760968388893355e-8
223.5	1.7619979839749005e-8
223.6	1.7618282523532552e-8
223.7	1.7604731117376156e-8
223.8	1.75794781059625e-8
223.9	1.7542689194763597e-8
224.0	1.7494542415891177e-8
224.1	1.7435228119900287e-8
224.2	1.7364948155583555e-8
224.3	1.7283915822962472e-8
224.4	1.7192355109512738e-8
224.5	1.709050022518141e-8
224.6	1.697859502846214e-8
224.7	1.6856892864489792e-8
224.8	1.6725655746715933e-8
224.9	1.6585154046018118e-8
225.0	1.6435666019167345e-8
225.1	1.6277477082847403e-8
225.2	1.6110879666347938e-8
225.3	1.5936172297991723e-8
225.4	1.5753659493424608e-8
225.5	1.5563650903140695e-8
225.6	1.5366461137812745e-8
225.7	1.516240912222054e-8
225.8	1.4951817666858794e-8
225.9	1.4735012610568564e-8
226.0	1.451232306411799e-8
226.1	1.4284080241170675e-8
226.2	1.4050617426298308e-8
226.3	1.3812269196337307e-8
226.4	1.3569371256408166e-8
226.5	1.3322259676064045e-8
226.6	1.3071270575702005e-8
226.7	1.2816739848194492e-8
226.8	1.2559002476107604e-8
226.9	1.2298392274292715e-8
227.0	1.2035241230947253e-8
227.1	1.176987961076786e-8
227.2	1.1502635004673688e-8
227.3	1.1233832096905998e-8
227.4	1.0963792452559226e-8
227.5	1.0692834070701453e-8
227.6	1.0421270892209982e-8
227.7	1.014941286976818e-8
227.8	9.877564930786573e-9
227.9	9.606027354016167e-9
228.0	9.335094998804758e-9
228.1	9.065057437771812e-9
228.2	8.796198077378394e-9
228.3	8.528794549547684e-9
228.4	8.263117959781693e-9
228.5	7.99943285903134e-9
228.6	7.737996826809835e-9
228.7	7.479060594114046e-9
228.8	7.222867501262324e-9
228.9	6.96965350580675e-9
229.0	6.719646936656496e-9
229.1	6.473068142820729e-9
229.2	6.230129734319409e-9
229.3	5.9910360661084594e-9
229.4	5.7559832286058015e-9
229.5	5.52515922505682e-9
229.6	5.29874332212047e-9
229.7	5.076906439573012e-9
229.8	4.859810606101341e-9
229.9	4.647609564489931e-9
230.0	4.4404479787271845e-9
230.1	4.238461909354839e-9
230.2	4.04177853273933e-9
230.3	3.850516269305567e-9
230.4	3.664784618292189e-9
230.5	3.484684372980634e-9
230.6	3.3103074484146727e-9
230.7	3.1417369926185486e-9
230.8	2.9790474686785158e-9
230.9	2.8223046785452675e-9
231.0	2.671565642481712e-9
231.1	2.5268790674592805e-9
231.2	2.3882851055671364e-9
231.3	2.2558153756301408e-9
231.4	2.1294934805800394e-9
231.5	2.0093348317306007e-9
231.6	1.8953465860068894e-9
231.7	1.7875281397498338e-9
231.8	1.6858713497555397e-9
231.9	1.5903599522248024e-9
232.0	1.5009705379503333e-9
232.1	1.4176722257091794e-9
232.2	1.3404271963738468e-9
232.3	1.269190211091394e-9
232.4	1.2039096546593503e-9
232.5	1.144527144909097e-9
232.6	1.0909776469716851e-9
232.7	1.043190035826678e-9
232.8	1.0010873140106205e-9
232.9	9.645864901337065e-10
233.0	9.335989885051182e-10
233.1	9.080306136957249e-10
233.2	8.877822598514283e-10
233.3	8.727494633181437e-10
233.4	8.628234297373026e-10
233.5	8.5789031057575e-10
233.6	8.578326844339157e-10
233.7	8.625281274101711e-10
233.8	8.718510419523783e-10
233.9	8.856716744900377e-10
234.0	9.038572065221733e-10
234.1	9.262714348221746e-10
234.2	9.527758485156012e-10
234.3	9.832280474699824e-10
234.4	1.0174842218639225e-9
234.5	1.0553974271950374e-9
234.6	1.0968196564903873e-9
234.7	1.1416001764568122e-9
234.8	1.1895872793511832e-9
234.9	1.240627559863269e-9
235.0	1.2945668650211514e-9
235.1	1.3512495342134232e-9
235.2	1.4105198507660676e-9
235.3	1.4722211755802826e-9
235.4	1.536196976775644e-9
235.5	1.602290152117116e-9
235.6	1.6703441028087117e-9
235.7	1.7402025674491974e-9
235.8	1.8117097675100395e-9
235.9	1.8847105243670455e-9
236.0	1.9590507033193103e-9
236.1	2.0345772785885942e-9
236.2	2.1111385890100794e-9
236.3	2.18858406747695e-9
236.4	2.266765275488432e-9
236.5	2.345535269819957e-9
236.6	2.4247489327171555e-9
236.7	2.5042634582032023e-9
236.8	2.5839382784307415e-9
236.9	2.6636351779648335e-9
237.0	2.74321851410052e-9
237.1	2.822555187073773e-9
237.2	2.9015149836667482e-9
237.3	2.9799706092673087e-9
237.4	3.057797694395642e-9
237.5	3.134875225803363e-9
237.6	3.2110850223971174e-9
237.7	3.2863126934537704e-9
237.8	3.3604468824894407e-9
237.9	3.4333799202129713e-9
238.0	3.505007823327973e-9
238.1	3.5752300078246657e-9
238.2	3.6439497988311267e-9
238.3	3.711074301740092e-9
238.4	3.776514387685934e-9
238.5	3.840184797857322e-9
238.6	3.902004267539362e-9
238.7	3.961895515065384e-9
238.8	4.019785069659307e-9
238.9	4.07560374812442e-9
239.0	4.12928612413059e-9
239.1	4.1807711401918765e-9
239.2	4.230001530761271e-9
239.3	4.276924323327503e-9
239.4	4.321490431874815e-9
239.5	4.363654851932099e-9
239.6	4.403376642969756e-9
239.7	4.4406190435795995e-9
239.8	4.475348994552723e-9
239.9	4.507537730131566e-9
240.0	4.5371601183057205e-9
240.1	4.564195245149596e-9
240.2	4.5886257026411385e-9
240.3	4.610438275042126e-9
240.4	4.6296233601774266e-9
240.5	4.6461750255387235e-9
240.6	4.660091002083629e-9
240.7	4.671372794079263e-9
240.8	4.680025122210044e-9
240.9	4.686056452647137e-9
241.0	4.689478504885946e-9
241.1	4.690306426823325e-9
241.2	4.688558494796173e-9
241.3	4.684256232765584e-9
241.4	4.677424121641989e-9
241.5	4.668089836553903e-9
241.6	4.6562836975656835e-9
241.7	4.642039089550708e-9
241.8	4.625391955200811e-9
241.9	4.606380860417922e-9
242.0	4.585046963796999e-9
242.1	4.561434024078847e-9
242.2	4.5355876144910696e-9
242.3	4.507556179559973e-9
242.4	4.4773898675428195e-9
242.5	4.445141103730989e-9
242.6	4.410863841126742e-9
242.7	4.374614358198978e-9
242.8	4.336450275497491e-9
242.9	4.296431190978705e-9
243.0	4.254617732525168e-9
243.1	4.211072344458263e-9
243.2	4.1658583462506105e-9
243.3	4.11904070518679e-9
243.4	4.0706851566135094e-9
243.5	4.0208586263248754e-9
243.6	3.969628674314581e-9
243.7	3.91706382405493e-9
243.8	3.863233177129449e-9
243.9	3.808206424234216e-9
244.0	3.752053739925336e-9
244.1	3.6948456241669925e-9
244.2	3.6366529151238535e-9
244.3	3.57754655055367e-9
244.4	3.5175975327858284e-9
244.5	3.456876950012733e-9
244.6	3.3954556702636077e-9
244.7	3.3334044605958886e-9
244.8	3.270793729409154e-9
244.9	3.2076934607790443e-9
245.0	3.1441733199379753e-9
245.1	3.0803023371427112e-9
245.2	3.0161489321196794e-9
245.3	2.9517808064667204e-9
245.4	2.887264943277716e-9
245.5	2.8226673733017107e-9
245.6	2.758053386012421e-9
245.7	2.693487186484812e-9
245.8	2.629031737062637e-9
245.9	2.56474922503463e-9
246.0	2.500700437976852e-9
246.1	2.436944965646274e-9
246.2	2.3735410458000103e-9
246.3	2.3105457182991926e-9
246.4	2.2480144854832414e-9
246.5	2.186001488196007e-9
246.6	2.1245592952208996e-9
246.7	2.0637391197980442e-9
246.8	2.003590319569448e-9
246.9	1.9441608951832346e-9
247.0	1.885496970068137e-9
247.1	1.8276433150153786e-9
247.2	1.7706426425210786e-9
247.3	1.7145361671334036e-9
247.4	1.659363273974267e-9
247.5	1.6051616072242085e-9
247.6	1.5519669819817663e-9
247.7	1.4998133240336825e-9
247.8	1.4487329323019198e-9
247.9	1.398756169692959e-9
248.0	1.3499115029900666e-9
248.1	1.302225657460067e-9
248.2	1.2557234161714702e-9
248.3	1.2104278531240937e-9
248.4	1.1663600495324363e-9
248.5	1.1235394387868772e-9
248.6	1.0819833604716333e-9
248.7	1.0417074924982595e-9
248.8	1.0027257057037821e-9
248.9	9.650500670580407e-10
249.0	9.286908384871238e-10
249.1	8.936564529794631e-10
249.2	8.599537037547361e-10
249.3	8.275875179596316e-10
249.4	7.96561386506519e-10
249.5	7.668768422971579e-10
249.6	7.38533918756085e-10
249.7	7.11530989441375e-10
249.8	6.85864897077295e-10
249.9	6.615307328640811e-10
250.0	6.385223648682322e-10
