# v, ψ_hor 
0.0	0.0
0.1	0.0006765636584711321
0.2	0.0013770608976087103
0.3	0.0021021400704738366
0.4	0.0028524467275371423
0.5	0.003628621839098769
0.6	0.004431299911105152
0.7	0.005261106993700017
0.8	0.006118658582212322
0.9	0.007004557410673848
1.0	0.007919391138371437
1.1	0.00886372993037643
1.2	0.009838123933448843
1.3	0.010843100649194755
1.4	0.011879162206854425
1.5	0.01294678253861534
1.6	0.014046404460880218
1.7	0.015178436665474023
1.8	0.016343250625338316
1.9	0.017541177419840234
2.0	0.0187725044854183
2.1	0.020037472297877484
2.2	0.021336270993263965
2.3	0.022669036934849198
2.4	0.024035849234370774
2.5	0.02543672623628974
2.6	0.02687162197442944
2.7	0.028340422610964488
2.8	0.029842942868322137
2.9	0.03137892246513904
3.0	0.032948022567982876
3.1	0.03454982227109277
3.2	0.03618381511693189
3.3	0.03784940567082673
3.4	0.03954590616346543
3.5	0.04127253321545238
3.6	0.04302840465853966
3.7	0.044812536468522846
3.8	0.046623839825117364
3.9	0.04846111831442701
4.0	0.05032306528985586
4.1	0.05220826140750301
4.2	0.05411517235222513
4.3	0.056042146770638346
4.4	0.057987414427341816
4.5	0.05994908460064202
4.6	0.06192514473392666
4.7	0.06391345935870402
4.8	0.06591176930508025
4.9	0.06791769121515812
5.0	0.06992871737447487
5.1	0.07194221587615834
5.2	0.07395543113196856
5.3	0.07596548474382386
5.4	0.0779693767487335
5.5	0.07996398724934844
5.6	0.08194607844153678
5.7	0.08391229704949854
5.8	0.08585917717800878
5.9	0.0877831435903455
6.0	0.08968051541936933
6.1	0.09154751031806913
6.2	0.09338024905466241
6.3	0.09517476055604251
6.4	0.09692698740203232
6.5	0.09863279177148032
6.6	0.10028796183977506
6.7	0.10188821862585556
6.8	0.10342922328521081
6.9	0.10490658484378018
7.0	0.10631586836601148
7.1	0.10765260354866307
7.2	0.10891229373024114
7.3	0.11009042530422752
7.4	0.11118247752252747
7.5	0.11218393267380516
7.6	0.1130902866196265
7.7	0.11389705966958052
7.8	0.114599807774804
7.9	0.11519413401761197
8.0	0.11567570037323777
8.1	0.1160402397180112
8.2	0.11628356805667495
8.3	0.11640159693995017
8.4	0.11639034604193582
8.5	0.11624595586543474
8.6	0.11596470054191677
8.7	0.11554300069147072
8.8	0.11497743630688473
8.9	0.11426475962478344
9.0	0.11340190794575022
9.1	0.11238601636432727
9.2	0.1112144303690144
9.3	0.10988471827157881
9.4	0.10839468342443032
9.5	0.10674237618429055
9.6	0.10492610558005477
9.7	0.10294445064251972
9.8	0.10079627135356661
9.9	0.09848071917248025
10.0	0.0959972470972904
10.1	0.09334561921939405
10.2	0.09052591973025487
10.3	0.08753856133965693
10.4	0.0843842930658193
10.5	0.08106420735871084
10.6	0.07757974651903088
10.7	0.0739327083766601
10.8	0.07012525119384988
10.9	0.06615989776007447
11.0	0.0620395386472144
11.1	0.057767434595703715
11.2	0.05334721800434067
11.3	0.048782893498678453
11.4	0.04407883755527092
11.5	0.03923979716154105
11.6	0.03427088749361812
11.7	0.02917758859724595
11.8	0.023965741059682133
11.9	0.01864154066343042
12.0	0.013211532015687394
12.1	0.007682601150465755
12.2	0.0020619671035484437
12.3	-0.003642827536347108
12.4	-0.009423927093537574
12.5	-0.015273174278480623
12.6	-0.02118212265469783
12.7	-0.02714205008281658
12.8	-0.033143973121670015
12.9	-0.039178662363058184
13.0	-0.04523665867340908
13.1	-0.051308290312320495
13.2	-0.05738369089469346
13.3	-0.06345281816000611
13.4	-0.06950547350913078
13.5	-0.07553132226612586
13.6	-0.08151991461946956
13.7	-0.08746070719440507
13.8	-0.0933430852053938
13.9	-0.09915638513509806
14.0	-0.1048899178839432
14.1	-0.11053299233201752
14.2	-0.1160749392530454
14.3	-0.1215051355182113
14.4	-0.12681302852596565
14.5	-0.13198816079234998
14.6	-0.1370201946351418
14.7	-0.14189893688393684
14.8	-0.14661436354750945
14.9	-0.1511566443689828
15.0	-0.15551616719904615
15.1	-0.15968356211715717
15.2	-0.16364972523075028
15.3	-0.16740584208268172
15.4	-0.17094341059770934
15.5	-0.1742542634994929
15.6	-0.17733059013061414
15.7	-0.18016495760926265
15.8	-0.18275033125779294
15.9	-0.1850800942398818
16.0	-0.1871480663450421
16.1	-0.18894852186127598
16.2	-0.19047620647901486
16.3	-0.19172635317201736
16.4	-0.19269469700363276
16.5	-0.19337748880970274
16.6	-0.19377150771256713
16.7	-0.1938740724237873
16.8	-0.19368305129670785
16.9	-0.1931968710934745
17.0	-0.19241452443487506
17.1	-0.19133557590515096
17.2	-0.18996016678784552
17.3	-0.1882890184128036
17.4	-0.18632343409847882
17.5	-0.1840652996778877
17.6	-0.18151708260076854
17.7	-0.17868182960867546
17.8	-0.1755631629840742
17.9	-0.17216527537869158
18.0	-0.16849292323066659
18.1	-0.16455141878421406
18.2	-0.1603466207297665
18.3	-0.1558849234865721
18.4	-0.15117324515386846
18.5	-0.14621901416063995
18.6	-0.1410301546478754
18.7	-0.13561507062093878
18.8	-0.12998262891333237
18.9	-0.12414214100655105
19.0	-0.11810334375413836
19.1	-0.11187637906109935
19.2	-0.10547177257294157
19.3	-0.09890041143134634
19.4	-0.09217352115608698
19.5	-0.08530264171528643
19.6	-0.07829960284824086
19.7	-0.07117649870710138
19.8	-0.06394566188540632
19.9	-0.05661963690306426
20.0	-0.04921115321869232
20.1	-0.0417330978412736
20.2	-0.0341984876139837
20.3	-0.026620441243657436
20.4	-0.01901215114970095
20.5	-0.011386855206459916
20.6	-0.0037578084529390036
20.7	0.003861745156568448
20.8	0.01145860088788771
20.9	0.019019621176175013
21.0	0.02653176331764049
21.1	0.03398210683375345
21.2	0.04135788043927126
21.3	0.04864648854705435
21.4	0.05583553724447819
21.5	0.06291285967817423
21.6	0.06986654078609755
21.7	0.07668494131814335
21.8	0.08335672108913211
21.9	0.08987086141056139
22.0	0.09621668665031102
22.1	0.10238388487238859
22.2	0.10836252751185171
22.3	0.11414308804307899
22.4	0.11971645960283739
22.5	0.12507397153286615
22.6	0.1302074048100177
22.7	0.13510900633540757
22.8	0.13977150205749145
22.9	0.14418810890744338
23.0	0.1483525455286827
23.1	0.15225904178594585
23.2	0.15590234704273132
23.3	0.15927773719945126
23.4	0.16238102048807768
23.5	0.16520854202244628
23.6	0.16775718710677212
23.7	0.17002438330820147
23.8	0.17200810130246613
23.9	0.17370685450487355
24.0	0.17511969750186374
24.1	0.17624622330145046
24.2	0.17708655942357357
24.3	0.1776413628543144
24.4	0.17791181389039895
24.5	0.17789960890307338
24.6	0.1776069520527061
24.7	0.17703654598781032
24.8	0.17619158156424347
24.9	0.175075726622341
25.0	0.17369311386155245
25.1	0.17204832785386476
25.2	0.17014639123876868
25.3	0.16799275014398135
25.4	0.1655932588773114
25.5	0.1629541639361553
25.6	0.16008208738204482
25.7	0.15698400962841302
25.8	0.15366725169042833
25.9	0.15013945694614034
26.0	0.1464085724585939
26.1	0.14248282990871158
26.2	0.13837072618877905
26.3	0.13408100370632298
26.4	0.12962263044790073
26.5	0.1250047798519947
26.6	0.12023681053969593
26.7	0.11532824595131824
26.8	0.11028875393628657
26.9	0.10512812634287916
27.0	0.09985625865345865
27.1	0.09448312970976891
27.2	0.08901878157178489
27.3	0.08347329955236965
27.4	0.07785679246868404
27.5	0.07217937314997491
27.6	0.06645113923984614
27.7	0.060682154329687266
27.8	0.05488242945833505
27.9	0.04906190501142266
28.0	0.0432304330522261
28.1	0.03739776011411883
28.2	0.03157351048299703
28.3	0.025767169996286254
28.4	0.019988070383363837
28.5	0.014245374170414687
28.6	0.00854806017094481
28.7	0.0029049095813390227
28.8	-0.0026755073009229855
28.9	-0.008184843720673074
29.0	-0.01361498845605142
29.1	-0.018958077144962296
29.2	-0.02420650293655978
29.3	-0.029352926459105783
29.4	-0.03439028509724634
29.5	-0.03931180157348316
29.6	-0.04411099183022901
29.7	-0.04878167221047128
29.8	-0.05331796593668145
29.9	-0.0577143088890848
30.0	-0.06196545468594811
30.1	-0.0660664790699686
30.2	-0.07001278360623236
30.3	-0.07380009869857107
30.4	-0.07742448593243129
30.5	-0.08088233975358389
30.6	-0.08417038849321451
30.7	-0.087285694751011
30.8	-0.0902256551489875
30.9	-0.0929879994697228
31.0	-0.09557078919366163
31.1	-0.09797241545104352
31.2	-0.10019159640478925
31.3	-0.10222737408147675
31.4	-0.10407911066825154
31.5	-0.10574648429411898
31.6	-0.10722948431470086
31.7	-0.10852840612004161
31.8	-0.10964384548553302
31.9	-0.11057669248641916
32.0	-0.11132812499675121
32.1	-0.11189960179390063
32.2	-0.11229285529005745
32.3	-0.11250988391229638
32.4	-0.11255294415296474
32.5	-0.1124245423122377
32.6	-0.11212742595474395
32.7	-0.11166457510216728
32.8	-0.11103919318370802
32.9	-0.1102546977661797
33.0	-0.10931471108542723
33.1	-0.10822305040054758
33.2	-0.10698371819225144
33.3	-0.10560089222642338
33.4	-0.10407891550367798
33.5	-0.1024222861154353
33.6	-0.1006356470266484
33.7	-0.09872377580502162
33.8	-0.09669157431610009
33.9	-0.09454405840325991
34.0	-0.09228634757112592
34.1	-0.08992365469054198
34.2	-0.08746127574266327
34.3	-0.08490457961933462
34.4	-0.08225899799630104
34.5	-0.07953001529530679
34.6	-0.0767231587506203
34.7	-0.07384398859488789
34.8	-0.07089808837869394
34.9	-0.06789105543764862
35.0	-0.06482849152011694
35.1	-0.06171599358826385
35.2	-0.05855914480434485
35.3	-0.05536350571364551
35.4	-0.05213460563483013
35.5	-0.048877934267852946
35.6	-0.045598933528942925
35.7	-0.04230298962162346
35.8	-0.03899542535203737
35.9	-0.03568149269628551
36.0	-0.032366365626860155
36.1	-0.029055133204650488
36.2	-0.02575279294241696
36.3	-0.02246424444500504
36.4	-0.019194283331018733
36.5	-0.015947595440061677
36.6	-0.012728751329119985
36.7	-0.00954220106106507
36.8	-0.006392269287722234
36.9	-0.0032831506294117956
37.0	-0.00021890535232860914
37.1	0.0027965446553905597
37.2	0.005759419608552842
37.3	0.008666085250924202
37.4	0.011513055982975536
37.5	0.014296997692479732
37.6	0.017014730289515168
37.7	0.019663229947856443
37.8	0.02223963105520401
37.9	0.02474122787505189
38.0	0.027165475923470038
38.1	0.029509993064396743
38.2	0.03177256032741445
38.3	0.0339511224523945
38.4	0.03604378816563915
38.5	0.03804883019253706
38.6	0.039964685012064585
38.7	0.041789952358690666
38.8	0.043523394477586144
38.9	0.045163935139263325
39.0	0.04671065842001716
39.1	0.04816280725478815
39.2	0.04951978176926021
39.3	0.05078113739821269
39.4	0.05194658279733286
39.5	0.053015977555851024
39.6	0.05398932971752532
39.7	0.054866793117648055
39.8	0.055648664543826304
39.9	0.056335380728453954
40.0	0.05692751518086586
40.1	0.05742577486720302
40.2	0.057830996746166125
40.3	0.058144144168802675
40.4	0.05836630315057714
40.5	0.05849867852395721
40.6	0.05854258997977685
40.7	0.0584994680056474
40.8	0.05837084972965581
40.9	0.058158374677571206
41.0	0.057863780451760494
41.1	0.057488898339942446
41.2	0.0570356488618568
41.3	0.05650603726187542
41.4	0.05590214895547757
41.5	0.05522614493743366
41.6	0.054480257159432804
41.7	0.053666783884798064
41.8	0.05278808502779617
41.9	0.05184657748493188
42.0	0.05084473046548307
42.1	0.049785060828377886
42.2	0.04867012843237001
42.3	0.047502531506339596
42.4	0.046284902046312415
42.5	0.045019901245700794
42.6	0.04371021496503941
42.7	0.0423585492473075
42.8	0.04096762588478306
42.9	0.03954017804312707
43.0	0.03807894594823619
43.1	0.0365866726411917
43.2	0.035066099806409234
43.3	0.03351996367791524
43.4	0.031950991028440845
43.5	0.03036189524581264
43.6	0.02875537250091447
43.7	0.027134098011264887
43.8	0.025500722404029327
43.9	0.023857868182084498
44.0	0.02220812629650737
44.1	0.020554052828656882
44.2	0.018898165784763638
44.3	0.017242942005765607
44.4	0.015590814194847147
44.5	0.013944168064988941
44.6	0.012305339608516992
44.7	0.010676612490528023
44.8	0.00906021556775758
44.9	0.007458320534298395
45.0	0.005873039695342964
45.1	0.0043064238698989205
45.2	0.00276046042323172
45.3	0.0012370714295963396
45.4	-0.00026188803442011395
45.5	-0.0017346314658005266
45.6	-0.003179442380295889
45.7	-0.004594675627160245
45.8	-0.005978758573874287
45.9	-0.007330192161469138
46.0	-0.008647551831259063
46.1	-0.009929488323943714
46.2	-0.01117472835225279
46.3	-0.012382075148414025
46.4	-0.013550408887951898
46.5	-0.014678686991424788
46.6	-0.01576594430588959
46.7	-0.01681129316800565
46.8	-0.01781392335086695
46.9	-0.018773101896734166
47.0	-0.01968817283800501
47.1	-0.0205585568088777
47.2	-0.021383750550244558
47.3	-0.02216332631053227
47.4	-0.02289693114522178
47.5	-0.023584286117963545
47.6	-0.024225185406232703
47.7	-0.024819495314590122
47.8	-0.025367153198689353
47.9	-0.02586816630322785
48.0	-0.026322610517136975
48.1	-0.02673062904932911
48.2	-0.027092431028425824
48.3	-0.02740829002988445
48.4	-0.027678542534045954
48.5	-0.027903586318587477
48.6	-0.02808387878899831
48.7	-0.028219935250612067
48.8	-0.0283123271258384
48.9	-0.028361680120195444
49.0	-0.028368672340794772
49.1	-0.028334032370893998
49.2	-0.028258537304168614
49.3	-0.02814301074232623
49.4	-0.027988320759674133
49.5	-0.027795377838239856
49.6	-0.027565132777036143
49.7	-0.02729857457899388
49.8	-0.026996728319112602
49.9	-0.02666065299728148
50.0	-0.02629143937923977
50.1	-0.025890207829050875
50.2	-0.025458106136458318
50.3	-0.0249963073424024
50.4	-0.024506007565946238
50.5	-0.02398842383578722
50.6	-0.02344479192946499
50.7	-0.022876364223312913
50.8	-0.022284407556132264
50.9	-0.02167020110948454
51.0	-0.021035034307435842
51.1	-0.020380204738487985
51.2	-0.019707016102364992
51.3	-0.019016776184243946
51.4	-0.018310794858899963
51.5	-0.017590382127185604
51.6	-0.016856846187159512
51.7	-0.016111491542070415
51.8	-0.015355617147338997
51.9	-0.014590514598547058
52.0	-0.013817466362399326
52.1	-0.013037744052458687
52.2	-0.012252606751421674
52.3	-0.011463299381554382
52.4	-0.01067105112483193
52.5	-0.009877073894227345
52.6	-0.009082560857464818
52.7	-0.00828868501450488
52.8	-0.007496597829860618
52.9	-0.006707427920804514
53.0	-0.005922279802391432
53.1	-0.005142232690126331
53.2	-0.004368339361016221
53.3	-0.0036016250736381396
53.4	-0.0028430865477599918
53.5	-0.0020936910039581003
53.6	-0.0013543752635650596
53.7	-0.0006260449092159895
53.8	9.042649387502356e-5
53.9	0.0007941981158224495
54.0	0.0014844625192031733
54.1	0.0021604462555225687
54.2	0.0028214104012107646
54.3	0.003466651033454072
54.4	0.00409549964621219
54.5	0.004707323506885958
54.6	0.005301525954152512
54.7	0.005877546637594159
54.8	0.0064348616997803535
54.9	0.006972983901578083
55.0	0.0074914626914978025
55.1	0.00798988421997049
55.2	0.008467871299525418
55.3	0.00892508331186607
55.4	0.00936121606292986
55.5	0.009776001587074932
55.6	0.0101692079015757
55.7	0.010540638712671609
55.8	0.010890133074451849
55.9	0.011217565001923004
56.0	0.011522843039636235
56.1	0.011805909787283993
56.2	0.012066741383747052
56.3	0.012305346951058173
56.4	0.012521767999827889
56.5	0.012716077797674913
56.6	0.012888380702260989
56.7	0.01303881146050251
56.8	0.013167534475614138
56.9	0.0132747430436296
57.0	0.01336065856102856
57.1	0.013425529705183426
57.2	0.013469631589273346
57.3	0.013493264893383797
57.4	0.01349675497346609
57.5	0.013480450949867379
57.6	0.013444724777131224
57.7	0.013389970296739858
57.8	0.013316602274529422
57.9	0.013225055424412479
58.0	0.01311578342012172
58.1	0.012989257896616585
58.2	0.012845967442786764
58.3	0.012686416587111103
58.4	0.012511124777864166
58.5	0.012320625359460444
58.6	0.012115464546510723
58.7	0.011896200397135877
58.8	0.011663401787049011
58.9	0.011417647385896764
59.0	0.011159524637320456
59.1	0.010889628744173036
59.2	0.010608561660268334
59.3	0.010316931090048507
59.4	0.01001534949746973
59.5	0.0097044331254171
59.6	0.00938480102688193
59.7	0.009057074109128637
59.8	0.008721874192003145
59.9	0.008379823081523992
60.0	0.00803154165985064
60.1	0.007677648992645359
60.2	0.007318761454857539
60.3	0.006955491875869633
60.4	0.006588448704917751
60.5	0.006218235197647267
60.6	0.00584544862463353
60.7	0.00547067950261994
60.8	0.005094510849211345
60.9	0.00471751746170238
61.0	0.004340265220654145
61.1	0.003963310418813136
61.2	0.0035871991159090923
61.3	0.0032124665198170043
61.4	0.002839636394519684
61.5	0.0024692204952611128
61.6	0.0021017180312607794
61.7	0.0017376151562510352
61.8	0.0013773844871233848
61.9	0.0010214846508797976
62.0	0.0006703598600499006
62.1	0.00032443951670385715
62.2	-1.586215488208096e-5
62.3	-0.0003501464468569739
62.4	-0.0006780304777500882
62.5	-0.0009991474737842823
62.6	-0.0013131470216642556
62.7	-0.0016196952929534614
62.8	-0.0019184752402228449
62.9	-0.0022091867651820823
63.0	-0.002491546859039752
63.1	-0.0027652897153741386
63.2	-0.0030301668158421225
63.3	-0.003285946989079127
63.4	-0.0035324164431708893
63.5	-0.0037693787721125092
63.6	-0.0039966549367290854
63.7	-0.004214083220507075
63.8	-0.00442151916085232
63.9	-0.004618835456326409
64.0	-0.004805921850394836
64.1	-0.004982684992291531
64.2	-0.005149048275596008
64.3	-0.005304951655160511
64.4	-0.005450351443027725
64.5	-0.005585220084018808
64.6	-0.0057095459116745274
64.7	-0.005823332885246842
64.8	-0.0059266003084743266
64.9	-0.006019382530857716
65.0	-0.006101728632200831
65.1	-0.006173702091146972
65.2	-0.006235380438515781
65.3	-0.006286854896173935
65.4	-0.006328230002255433
65.5	-0.006359623223509789
65.6	-0.006381164555560544
65.7	-0.006392996111897514
65.8	-0.006395271702377527
65.9	-0.006388156402059147
66.0	-0.006371826111146516
66.1	-0.0063464671068616235
66.2	-0.006312275588044539
66.3	-0.006269457213267299
66.4	-0.006218226633245512
66.5	-0.0061588070183538225
66.6	-0.006091429582003833
66.7	-0.006016333100653151
66.8	-0.005933763431235195
66.9	-0.005843973026721478
67.0	-0.0057472204505916846
67.1	-0.005643769890912054
67.2	-0.005533890674773121
67.3	-0.005417856783757976
67.4	-0.0052959463711542126
67.5	-0.005168441281569456
67.6	-0.005035626573628814
67.7	-0.004897790046385067
67.8	-0.004755221770058172
67.9	-0.004608213621747891
68.0	-0.004457058826676392
68.1	-0.004302051505558206
68.2	-0.004143486228630517
68.3	-0.00398165757690082
68.4	-0.0038168597111124464
68.5	-0.0036493859489180984
68.6	-0.0034795283507588863
68.7	-0.0033075773148675287
68.8	-0.00313382118185691
68.9	-0.0029585458492836945
69.0	-0.00278203439658351
69.1	-0.0026045667207445777
69.2	-0.002426419183058085
69.3	-0.0022478642672697433
69.4	-0.00206917024942827
69.5	-0.0018906008797144255
69.6	-0.0017124150764996765
69.7	-0.0015348666328614058
69.8	-0.0013582039357755721
69.9	-0.0011826696981673398
70.0	-0.0010085007039771143
70.1	-0.0008359275664092483
70.2	-0.0006651744994518025
70.3	-0.0004964591027953277
70.4	-0.00032999216022132
70.5	-0.00016597745149833534
70.6	-4.611577851897558e-6
70.7	0.00015391619898438686
70.8	0.00030942410416536837
70.9	0.0004617379835565646
71.0	0.0006106914240755702
71.1	0.0007561258605698032
71.2	0.0008978906693477295
71.3	0.0010358432484316264
71.4	0.001169849084678299
71.5	0.001299781807871998
71.6	0.0014255232319630641
71.7	0.0015469633836117083
71.8	0.0016640005182107676
71.9	0.001776541123594881
72.0	0.001884499911643153
72.1	0.001987799798007496
72.2	0.0020863718701911683
72.3	0.0021801553442495633
72.4	0.002269097510356216
72.5	0.002353153667530452
72.6	0.0024322870477971074
72.7	0.002506468730085959
72.8	0.002575677544164482
72.9	0.002639899964946354
73.0	0.002699129997465826
73.1	0.0027533690528775525
73.2	0.002802625815809802
73.3	0.0028469161034201653
73.4	0.002886262716500475
73.5	0.0029206952830080598
73.6	0.002950250094352254
73.7	0.0029749699348402157
73.8	0.002994903904626819
73.9	0.0030101072365502557
74.0	0.003020641107229432
74.1	0.0030265724428025957
74.2	0.00302797371967855
74.3	0.003024922760691184
74.4	0.0030175025270237675
74.5	0.003005800906288888
74.6	0.0029899104971462644
74.7	0.002969928390821751
74.8	0.00294595594991326
74.9	0.0029180985848508553
75.0	0.0028864655283774897
75.1	0.0028511696084176025
75.2	0.002812327019692127
75.3	0.0027700570944373818
75.4	0.002724482072584391
75.5	0.002675726871727651
75.6	0.0026239188572427527
75.7	0.0025691876128762234
75.8	0.0025116647121371715
75.9	0.0024514834908050858
76.0	0.0023887788208820588
76.1	0.00232368688627193
76.2	0.002256344960509633
76.3	0.00218689118680612
76.4	0.002115464360706817
76.5	0.002042203715621864
76.6	0.0019672487115069423
76.7	0.001890738826928199
76.8	0.0018128133547803192
76.9	0.001733611201863129
77.0	0.0016532706925656152
77.1	0.0015719293768680712
77.2	0.0014897238428505846
77.3	0.001406789533917839
77.4	0.0013232605709293833
77.5	0.0012392695793923825
77.6	0.001154947521884467
77.7	0.0010704235358756945
77.8	0.0009858247770690668
77.9	0.000901276268402387
78.0	0.0008169007548412175
78.1	0.0007328185640466157
78.2	0.0006491474730508122
78.3	0.0005660025810068589
78.4	0.00048349618809257573
78.5	0.0004017376806577783
78.6	0.0003208334226397543
78.7	0.00024088665332592791
78.8	0.0001619973914870742
78.9	8.426234590298105e-5
79.0	7.77483231679331e-6
79.1	-6.737530319386324e-5
79.2	-0.0001411017544163228
79.3	-0.00021332181878917544
79.4	-0.00028395645479332526
79.5	-0.0003529303329756018
79.6	-0.00042017188064877303
79.7	-0.00048561332030853797
79.8	-0.0005491907018203386
79.9	-0.0006108439284454408
80.0	-0.0006705167767713037
80.1	-0.0007281569106256539
80.2	-0.0007837158890625351
80.3	-0.0008371491685122202
80.4	-0.0008884160991932232
80.5	-0.0009374799158924339
80.6	-0.000984307723227302
80.7	-0.0010288704755108129
80.8	-0.001071142951341704
80.9	-0.0011111037230526147
81.0	-0.0011487351211405582
81.1	-0.0011840231938439576
81.2	-0.0012169576619818186
81.3	-0.0012475318692221384
81.4	-0.001275742727939273
81.5	-0.0013015906607944938
81.6	-0.0013250795382225757
81.7	-0.0013462166119772813
81.8	-0.0013650124448964518
81.9	-0.0013814808370746223
82.0	-0.0013956387486008812
82.1	-0.0014075062190308943
82.2	-0.001417106283790769
82.3	-0.0014244648876552152
82.4	-0.0014296107955114445
82.5	-0.001432575500569449
82.6	-0.0014333931301995532
82.7	-0.0014321003495753508
82.8	-0.0014287362633133458
82.9	-0.0014233423152727456
83.0	-0.0014159621867078026
83.1	-0.0014066416929291751
83.2	-0.001395428678692614
83.3	-0.0013823729124425093
83.4	-0.0013675259796138263
83.5	-0.0013509411751643878
83.6	-0.0013326733954975752
83.7	-0.0013127790299426508
83.8	-0.0012913158519800442
83.9	-0.0012683429103534033
84.0	-0.0012439204202255626
84.1	-0.0012181096545779806
84.2	-0.0011909728359422549
84.3	-0.001162573028677916
84.4	-0.0011329740319074378
84.5	-0.0011022402732758898
84.6	-0.0010704367036445924
84.7	-0.0010376286928983052
84.8	-0.0010038819269641936
84.9	-0.0009692623061896468
85.0	-0.0009338358451943035
85.1	-0.000897668574329295
85.2	-0.0008608264428388479
85.3	-0.0008233752238599778
85.4	-0.0007853804213461164
85.5	-0.0007469071790344116
85.6	-0.0007080201915333861
85.7	-0.0006687836176486506
85.8	-0.0006292609960059014
85.9	-0.000589515163085713
86.0	-0.0005496081737131242
86.1	-0.0005096012241021775
86.2	-0.0004695545775158269
86.3	-0.00042952749259167933
86.4	-0.0003895781544074622
86.5	-0.0003497636083257255
86.6	-0.00031013969668338933
86.7	-0.0002707609983438077
86.8	-0.00023168077116588414
86.9	-0.00019295089742763242
87.0	-0.00015462183221208751
87.1	-0.00011674255479819423
87.2	-7.936052306205377e-5
87.3	-4.252163090800808e-5
87.4	-6.270168743544846e-6
87.5	2.9351213015404812e-5
87.6	6.430153738611684e-5
87.7	9.854153123271895e-5
87.8	0.0001320336526463318
87.9	0.00016474211531617667
88.0	0.0001966329098997506
88.1	0.00022767382241277898
88.2	0.00025783444968488294
88.3	0.00028708621187900467
88.4	0.0003154023621317995
88.5	0.0003427579933444753
88.6	0.00036913004215592476
88.7	0.0003944972901622558
88.8	0.0004188403624038802
88.9	0.00044214172319312144
89.0	0.00046438566932067223
89.1	0.00048555832070589454
89.2	0.0005056476085433275
89.3	0.0005246432610081408
89.4	0.0005425367865933771
89.5	0.000559321455126905
89.6	0.0005749922765585811
89.7	0.0005895459775726468
89.8	0.0006029809760922292
89.9	0.0006152973537816626
90.0	0.0006264968265782476
90.1	0.0006365827133743631
90.2	0.0006455599028861062
90.3	0.0006534348188344819
90.4	0.0006602153834748744
90.5	0.0006659109795923841
90.6	0.0006705324110273318
90.7	0.0006740918618120729
90.8	0.0006766028540241342
90.9	0.0006780802044153831
91.0	0.0006785399799123767
91.1	0.0006779994520818353
91.2	0.0006764770506308559
91.3	0.0006739923160305666
91.4	0.0006705658513629175
91.5	0.0006662192734537769
91.6	0.0006609751633809788
91.7	0.000654857016456821
91.8	0.0006478891917511186
91.9	0.0006400968612353201
92.0	0.0006315059586445251
92.1	0.0006221431281187936
92.2	0.0006120356727157885
92.3	0.0006012115028727624
92.4	0.0005896990848726042
92.5	0.0005775273894286199
92.6	0.0005647258404163281
92.7	0.0005513242638649269
92.8	0.0005373528372464837
92.9	0.0005228420391565762
93.0	0.0005078225994299786
93.1	0.0004923254497810934
93.2	0.00047638167500964454
93.3	0.0004600224648486534
93.4	0.0004432790665082597
93.5	0.00042618273796671583
93.6	0.00040876470207585204
93.7	0.00039105610152193385
93.8	0.00037308795470342756
93.9	0.00035489111256550604
94.0	0.00033649621643497675
94.1	0.00031793365692081934
94.2	0.0002992335338851247
94.3	0.00028042561756756615
94.4	0.00026153931085659023
94.5	0.0002426036127783054
94.6	0.00022364708321300278
94.7	0.00020469780887295082
94.8	0.00018578337057971613
94.9	0.00016693081185642088
95.0	0.0001481666088548753
95.1	0.000129516641642718
95.2	0.00011100616687788914
95.3	9.265979186618347e-5
95.4	7.450145002975848e-5
95.5	5.655437779324469e-5
95.6	3.8841092897136154e-5
95.7	2.1383374147189225e-5
95.8	4.202242592837337e-6
95.9	-1.2682055846125343e-5
96.0	-2.9250066312166363e-5
96.1	-4.5483139513594347e-5
96.2	-6.136344478827616e-5
96.3	-7.687398173963892e-5
96.4	-9.199859045366552e-5
96.5	-0.00010672196031311757
96.6	-0.00012102963740275618
96.7	-0.00013490803054139858
96.8	-0.0001483444159422464
96.9	-0.00016132694051872152
97.0	-0.00017384462386983476
97.1	-0.0001858873589401491
97.2	-0.00019744591140315532
97.3	-0.00020851191777354223
97.4	-0.00021907788227889703
97.5	-0.00022913717251983208
97.6	-0.00023868401394385008
97.7	-0.0002477134831652396
97.8	-0.00025622150014694117
97.9	-0.00026420481930148796
98.0	-0.000271661019520297
98.1	-0.0002785884931738081
98.2	-0.0002849864341185629
98.3	-0.00029085482474337993
98.4	-0.0002961944220889245
98.5	-0.00030100674308061075
98.6	-0.0003052940489080446
98.7	-0.0003090593286010323
98.8	-0.0003123062818167838
98.9	-0.00031503930090094167
99.0	-0.0003172634522519434
99.1	-0.0003189844570272779
99.2	-0.0003202086712236527
99.3	-0.0003209430651994052
99.4	-0.00032119520264026126
99.5	-0.0003209732190380183
99.6	-0.00032028579971316083
99.7	-0.0003191421574162272
99.8	-0.00031755200955790777
99.9	-0.00031552555509807036
100.0	-0.00031307345114156375
100.1	-0.00031020678927868304
100.2	-0.00030693707170028836
100.3	-0.00030327618713958833
100.4	-0.0002992363866744311
100.5	-0.0002948302594151048
100.6	-0.0002900707081433322
100.7	-0.00028497092490899505
100.8	-0.0002795443666427051
100.9	-0.00027380473080312916
101.0	-0.00026776593110922726
101.1	-0.0002614420733764183
101.2	-0.0002548474315129198
101.3	-0.000247996423672208
101.4	-0.00024090358863265075
101.5	-0.0002335835624074484
101.6	-0.0002260510551311875
101.7	-0.00021832082824144053
101.8	-0.00021040767198720353
101.9	-0.0002023263832984074
102.0	-0.0001940917440259427
102.1	-0.00018571849959451634
102.2	-0.00017722133808605186
102.3	-0.00016861486976676207
102.4	-0.00015991360710182197
102.5	-0.00015113194525516298
102.6	-0.0001422841431095225
102.7	-0.00013338430481817868
102.8	-0.00012444636191418553
102.9	-0.0001154840559767562
103.0	-0.00010651092188998203
103.1	-9.754027169381682e-5
103.2	-8.858517905393717e-5
103.3	-7.965846434269684e-5
103.4	-7.077268035890683e-5
103.5	-6.194009869446278e-5
103.6	-5.317269674617952e-5
103.7	-4.448214539006548e-5
103.8	-3.5879797319114974e-5
103.9	-2.7376676059260023e-5
104.0	-1.8983465647160388e-5
104.1	-1.0710500996975613e-5
104.2	-2.5677589483823176e-6
104.3	5.435150016694784e-6
104.4	1.3288989356613933e-5
104.5	2.0984903388377797e-5
104.6	2.85144235214551e-5
104.7	3.5869473810747905e-5
104.8	4.304237584625763e-5
104.9	5.0025852966644096e-5
105.0	5.681303381643326e-5
105.1	6.33974552511412e-5
105.2	6.977306458299569e-5
105.3	7.59342211944959e-5
105.4	8.187569752722912e-5
105.5	8.759267943304311e-5
105.6	9.30807659252628e-5
105.7	9.833596833391732e-5
105.8	0.00010335470886073332
105.9	0.00010813381857031806
106.0	0.00011267053481095823
106.1	0.00011696249809138519
106.2	0.00012100774842010696
106.3	0.00012480472112823984
106.4	0.00012835224218651694
106.5	0.00013164952303049938
106.6	0.00013469615492088725
106.7	0.00013749210284067217
106.8	0.0001400376989554802
106.9	0.00014233363565310296
107.0	0.00014438095818109368
107.1	0.00014618105689256637
107.2	0.0001477356591306204
107.3	0.00014904682075853263
107.4	0.00015011691736153534
107.5	0.00015094863513194119
107.6	0.0001515449614667888
107.7	0.00015190917528961264
107.8	0.00015204483710842693
107.9	0.00015195577885160097
108.0	0.00015164609347262102
108.1	0.00015112012436503726
108.2	0.000150382454595883
108.3	0.00014943789597298446
108.4	0.00014829147798173055
108.5	0.00014694843658561804
108.6	0.000145414202933243
108.7	0.00014369439197395206
108.8	0.00014179479100028894
108.9	0.00013972134815824677
109.0	0.0001374801609011745
109.1	0.00013507746445007738
109.2	0.0001325196202373358
109.3	0.00012981310438716913
109.4	0.00012696449622165193
109.5	0.0001239804668148541
109.6	0.00012086776762578738
109.7	0.00011763321920772732
109.8	0.00011428370001544935
109.9	0.00011082613532154177
110.0	0.00010726748627313173
110.1	0.00010361473907560481
110.2	9.987489433250181e-5
110.3	9.605495655640468e-5
110.4	9.21619238621996e-5
110.5	8.820277784273801e-5
110.6	8.418447365190598e-5
110.7	8.011393029703159e-5
110.8	7.599802116706967e-5
110.9	7.18435647789672e-5
111.0	6.765731577758547e-5
111.1	6.344595618475534e-5
111.2	5.9216086911221855e-5
111.3	5.497421953021511e-5
111.4	5.072676833367724e-5
111.5	4.6480042669427184e-5
111.6	4.2240239564072656e-5
111.7	3.801343664162747e-5
111.8	3.380558534452538e-5
111.9	2.962250445422604e-5
112.0	2.5469873922446084e-5
112.1	2.135322901370451e-5
112.2	1.7277954761956715e-5
112.3	1.3249280744501873e-5
112.4	9.272276181374396e-6
112.5	5.351845346672108e-6
112.6	1.4927233037141306e-6
112.7	-2.300528031627815e-6
112.8	-6.023523506458569e-6
112.9	-9.67205803074641e-6
113.0	-1.3242109548920507e-5
113.1	-1.672984169242637e-5
113.2	-2.0131606118339087e-5
113.3	-2.3443944524603006e-5
113.4	-2.6663590357772418e-5
113.5	-2.9787470209307767e-5
113.6	-3.2812704900696126e-5
113.7	-3.573661027222069e-5
113.8	-3.855669766503559e-5
113.9	-4.1270674114897485e-5
114.0	-4.387644225683195e-5
114.1	-4.637209993804859e-5
114.2	-4.87559395569866e-5
114.3	-5.102644713377306e-5
114.4	-5.318230110720906e-5
114.5	-5.5222370873971454e-5
114.6	-5.714571507553469e-5
114.7	-5.89515796369279e-5
114.8	-6.063939556555029e-5
114.9	-6.220877651997474e-5
115.0	-6.365951615879559e-5
115.1	-6.499158525700706e-5
115.2	-6.620512864019757e-5
115.3	-6.730046188885389e-5
115.4	-6.827806787709502e-5
115.5	-6.913859311147953e-5
115.6	-6.988284390049214e-5
115.7	-7.051178235763933e-5
115.8	-7.102652224603789e-5
115.9	-7.142832467881639e-5
116.0	-7.171859367498701e-5
116.1	-7.18988715839022e-5
116.2	-7.197083439453364e-5
116.3	-7.193628692692491e-5
116.4	-7.179715791794095e-5
116.5	-7.155549502130563e-5
116.6	-7.121345971290569e-5
116.7	-7.077332212363977e-5
116.8	-7.023745580413457e-5
116.9	-6.960833242816402e-5
117.0	-6.888851645173334e-5
117.1	-6.80806597264469e-5
117.2	-6.718749607924389e-5
117.3	-6.621183586608728e-5
117.4	-6.515656051948561e-5
117.5	-6.40246170787017e-5
117.6	-6.281901272293635e-5
117.7	-6.154280931416239e-5
117.8	-6.019911795558956e-5
117.9	-5.8791093573076195e-5
118.0	-5.732192953118213e-5
118.1	-5.579485228244502e-5
118.2	-5.4213116070039245e-5
118.3	-5.257999767727803e-5
118.4	-5.0898791236033845e-5
118.5	-4.917280310850385e-5
118.6	-4.740534683544644e-5
118.7	-4.5599738162049994e-5
118.8	-4.3759290151577934e-5
118.9	-4.188730839127728e-5
119.0	-3.998708628522756e-5
119.1	-3.806190045551114e-5
119.2	-3.6115006249815175e-5
119.3	-3.414963335422359e-5
119.4	-3.216898151957813e-5
119.5	-3.017621641626989e-5
119.6	-2.8174465601681387e-5
119.7	-2.616681462415564e-5
119.8	-2.4156303245992367e-5
119.9	-2.214592180782457e-5
120.0	-2.013860773174991e-5
120.1	-1.813724215448771e-5
120.2	-1.6144646704391834e-5
120.3	-1.4163580434915643e-5
120.4	-1.219673687949291e-5
120.5	-1.0246741282361882e-5
120.6	-8.316147955386752e-6
120.7	-6.4074378000009366e-6
120.8	-4.523015963880124e-6
120.9	-2.6652096687547252e-6
121.0	-8.362661801150445e-7
121.1	9.616490715654513e-7
121.2	2.726454213299772e-6
121.3	4.456152496834678e-6
121.4	6.148833724047693e-6
121.5	7.802675508806627e-6
121.6	9.41594439340377e-6
121.7	1.0986996817369166e-5
121.8	1.2514279932279155e-5
121.9	1.3996332280418647e-5
122.0	1.543178431160001e-5
122.1	1.681935876701553e-5
122.2	1.8157870922977842e-5
122.3	1.9446228688290598e-5
122.4	2.0683432570792667e-5
122.5	2.1868575502014657e-5
122.6	2.3000842536409472e-5
122.7	2.4079510417253518e-5
122.8	2.5103947016767177e-5
122.9	2.6073610657294092e-5
123.0	2.698804930461179e-5
123.1	2.7846899651101924e-5
123.2	2.8649886074652808e-5
123.3	2.939681950515616e-5
123.4	3.0087596171714885e-5
123.5	3.072219625149197e-5
123.6	3.1300682409677284e-5
123.7	3.182319826251414e-5
123.8	3.228996673885497e-5
123.9	3.2701288352991344e-5
124.0	3.3057539396763344e-5
124.1	3.3359170052624695e-5
124.2	3.360670243942266e-5
124.3	3.3800728571710525e-5
124.4	3.3941908260639596e-5
124.5	3.403096696284314e-5
124.6	3.406869355743754e-5
124.7	3.405593806989409e-5
124.8	3.3993609353002164e-5
124.9	3.388267272745001e-5
125.0	3.3724147565031366e-5
125.1	3.3519104849984234e-5
125.2	3.32686647018976e-5
125.3	3.297399386888396e-5
125.4	3.263630320434243e-5
125.5	3.225684511265607e-5
125.6	3.183691099193716e-5
125.7	3.137782865109084e-5
125.8	3.088095973028322e-5
125.9	3.0347697113127043e-5
126.0	2.9779462337483294e-5
126.1	2.9177703011975235e-5
126.2	2.8543890239558274e-5
126.3	2.7879516052060996e-5
126.4	2.718609085982523e-5
126.5	2.6465140917708517e-5
126.6	2.5718205817636277e-5
126.7	2.4946835997752362e-5
126.8	2.41525902834997e-5
126.9	2.3337033467835623e-5
127.0	2.2501733904291323e-5
127.1	2.1648261165500623e-5
127.2	2.0778183719312112e-5
127.3	1.9893066652301863e-5
127.4	1.8994469447809607e-5
127.5	1.8083943795732887e-5
127.6	1.7163031471724706e-5
127.7	1.623326224930313e-5
127.8	1.5296151874221858e-5
127.9	1.4353200102109303e-5
128.0	1.3405888779169694e-5
128.1	1.2455679999796887e-5
128.2	1.1504014311730797e-5
128.3	1.0552308986978876e-5
128.4	9.601956366838375e-6
128.5	8.654322258916149e-6
128.6	7.710744412520564e-6
128.7	6.772531056694495e-6
128.8	5.840959502339625e-6
128.9	4.917274831648069e-6
129.0	4.002688630326422e-6
129.1	3.0983778192241266e-6
129.2	2.2054835391302317e-6
129.3	1.3251101118776796e-6
129.4	4.5832407935367444e-7
129.5	-3.938466939262457e-7
129.6	-1.2304138383724138e-6
129.7	-2.05042923397452e-6
129.8	-2.852985679832333e-6
129.9	-3.6372175028310366e-6
130.0	-4.402301089417053e-6
130.1	-5.147455352476996e-6
130.2	-5.871942116937941e-6
130.3	-6.575066449752938e-6
130.4	-7.256176907897157e-6
130.5	-7.914665726596031e-6
130.6	-8.54996893597304e-6
130.7	-9.161566417687458e-6
130.8	-9.74898188519878e-6
130.9	-1.031178281450226e-5
131.0	-1.0849580299181204e-5
131.1	-1.136202885685596e-5
131.2	-1.1848826159284878e-5
131.3	-1.2309712719565393e-5
131.4	-1.274447151642376e-5
131.5	-1.3152927561684798e-5
131.6	-1.353494741216891e-5
131.7	-1.3890438634858926e-5
131.8	-1.4219349220036627e-5
131.9	-1.452166694122258e-5
132.0	-1.4797418674913395e-5
132.1	-1.504666967002391e-5
132.2	-1.526952277488531e-5
132.3	-1.546611762465017e-5
132.4	-1.5636629792360753e-5
132.5	-1.578126988798386e-5
132.6	-1.590028264294056e-5
132.7	-1.599394594705318e-5
132.8	-1.6062569858757787e-5
132.9	-1.610649558084219e-5
133.0	-1.6126094415574213e-5
133.1	-1.612176668819312e-5
133.2	-1.6093940653652775e-5
133.3	-1.604307137749378e-5
133.4	-1.5969639589381504e-5
133.5	-1.587415053906112e-5
133.6	-1.575713281853268e-5
133.7	-1.5619137180212265e-5
133.8	-1.546073534122098e-5
133.9	-1.5282518770710163e-5
134.0	-1.5085097486241534e-5
134.1	-1.4869098830883614e-5
134.2	-1.463516624748551e-5
134.3	-1.4383958058656752e-5
134.4	-1.4116146238108735e-5
134.5	-1.3832415190030247e-5
134.6	-1.3533460528573705e-5
134.7	-1.3219987857570084e-5
134.8	-1.2892711575209154e-5
134.9	-1.2552353659802237e-5
135.0	-1.2199642486437787e-5
135.1	-1.1835311656505942e-5
135.2	-1.146009881771464e-5
135.3	-1.1074744530140679e-5
135.4	-1.0679991117897869e-5
135.5	-1.0276581561406116e-5
135.6	-9.865258397726459e-6
135.7	-9.446762640633453e-6
135.8	-9.02183272419837e-6
135.9	-8.591203471571688e-6
136.0	-8.155605079008656e-6
136.1	-7.715762134295936e-6
136.2	-7.272392654674522e-6
136.3	-6.826207152996034e-6
136.4	-6.377907726913112e-6
136.5	-5.928187190283533e-6
136.6	-5.47772821096166e-6
136.7	-5.027202504919163e-6
136.8	-4.57727003627549e-6
136.9	-4.128578265445653e-6
137.0	-3.6817614189442178e-6
137.1	-3.2374398013851636e-6
137.2	-2.796219128030897e-6
137.3	-2.3586898983250976e-6
137.4	-1.925426801532129e-6
137.5	-1.4969881531257087e-6
137.6	-1.0739153708935156e-6
137.7	-6.567324779472839e-7
137.8	-2.4594564432425356e-7
137.9	1.5795723915830287e-7
138.0	5.545069514083773e-7
138.1	9.432532971558571e-7
138.2	1.32376543201439e-6
138.3	1.695632148805225e-6
138.4	2.0584621323401584e-6
138.5	2.4118841846788397e-6
138.6	2.7555474072401498e-6
138.7	3.0891213624740924e-6
138.8	3.4122961902399995e-6
138.9	3.7247827012528234e-6
139.0	4.026312435766919e-6
139.1	4.316637693492984e-6
139.2	4.595531518211308e-6
139.3	4.862787675848832e-6
139.4	5.1182205881351205e-6
139.5	5.361665234833939e-6
139.6	5.592977036375791e-6
139.7	5.812031706408624e-6
139.8	6.018725070799101e-6
139.9	6.21297286964292e-6
140.0	6.39471052672699e-6
140.1	6.563892895922202e-6
140.2	6.720493989354724e-6
140.3	6.864506674203198e-6
140.4	6.9959423492754e-6
140.5	7.11483060531379e-6
140.6	7.221218856797666e-6
140.7	7.315171961905141e-6
140.8	7.396771819733376e-6
140.9	7.4661169441219855e-6
141.0	7.523322036447092e-6
141.1	7.568517523966393e-6
141.2	7.601849097298867e-6
141.3	7.623477224155303e-6
141.4	7.633576659484349e-6
141.5	7.632335930849897e-6
141.6	7.619956826310576e-6
141.7	7.5966538612264744e-6
141.8	7.562653741219484e-6
141.9	7.518194818924464e-6
142.0	7.463526534157678e-6
142.1	7.39890885902756e-6
142.2	7.324611726745132e-6
142.3	7.240914470756096e-6
142.4	7.148105237203819e-6
142.5	7.04648041947785e-6
142.6	6.936344072262543e-6
142.7	6.818007339078489e-6
142.8	6.691787863118406e-6
142.9	6.558009214213903e-6
143.0	6.417000309742433e-6
143.1	6.269094840664365e-6
143.2	6.114630697552269e-6
143.3	5.953949402850255e-6
143.4	5.787395547917152e-6
143.5	5.615316234700384e-6
143.6	5.438060523550193e-6
143.7	5.25597889041978e-6
143.8	5.0694226841082405e-6
143.9	4.878743604550398e-6
144.0	4.6842931765706215e-6
144.1	4.4864222411953966e-6
144.2	4.285480454477634e-6
144.3	4.081815796986547e-6
144.4	3.875774094094087e-6
144.5	3.6676985489612345e-6
144.6	3.4579292868610536e-6
144.7	3.2468029118302863e-6
144.8	3.0346520783019693e-6
144.9	2.8218050690792665e-6
145.0	2.6085853985962444e-6
145.1	2.3953114211968017e-6
145.2	2.1822959562037775e-6
145.3	1.969845926332642e-6
145.4	1.7582620205729537e-6
145.5	1.5478383555075107e-6
145.6	1.3388621629400723e-6
145.7	1.1316134978626203e-6
145.8	9.26364946823944e-7
145.9	7.233813657668672e-7
146.0	5.229196290609057e-7
146.1	3.2522839207209976e-7
146.2	1.305478762160763e-7
146.3	-6.089033713210813e-8
146.4	-2.4886349098699855e-7
146.5	-4.331578241709066e-7
146.6	-6.135687218827158e-7
146.7	-7.899008594010885e-7
146.8	-9.619683171589682e-7
146.9	-1.1295946937622647e-6
147.0	-1.2926131902586198e-6
147.1	-1.4508666871846823e-6
147.2	-1.604207801546073e-6
147.3	-1.7524989392881013e-6
147.4	-1.895612308503259e-6
147.5	-2.0334299478729363e-6
147.6	-2.1658437180311882e-6
147.7	-2.292755287689628e-6
147.8	-2.4140761071029587e-6
147.9	-2.529727363094177e-6
148.0	-2.6396399191222397e-6
148.1	-2.7437542542291107e-6
148.2	-2.8420203711369173e-6
148.3	-2.9343977091986e-6
148.4	-3.0208550320928976e-6
148.5	-3.1013703101395086e-6
148.6	-3.1759305946198873e-6
148.7	-3.2445318702350574e-6
148.8	-3.3071789070576864e-6
148.9	-3.363885095031071e-6
149.0	-3.4146722786415984e-6
149.1	-3.4595705703434592e-6
149.2	-3.4986181639717083e-6
149.3	-3.5318611331684363e-6
149.4	-3.559353230237488e-6
149.5	-3.581155665867811e-6
149.6	-3.5973368916008843e-6
149.7	-3.607972370745134e-6
149.8	-3.6131443495063788e-6
149.9	-3.612941607803761e-6
150.0	-3.6074592205323188e-6
150.1	-3.5967983083842076e-6
150.2	-3.5810657809824768e-6
150.3	-3.5603740758970264e-6
150.4	-3.534840901347818e-6
150.5	-3.504588970195575e-6
150.6	-3.469745729472298e-6
150.7	-3.4304430954754688e-6
150.8	-3.386817174298951e-6
150.9	-3.339007999169956e-6
151.0	-3.28715924612817e-6
151.1	-3.2314179687587802e-6
151.2	-3.1719343146975696e-6
151.3	-3.108861262081947e-6
151.4	-3.0423543355458284e-6
151.5	-2.972571340185526e-6
151.6	-2.8996720881107533e-6
151.7	-2.8238181302497026e-6
151.8	-2.7451724891893064e-6
151.9	-2.663899395734418e-6
152.0	-2.5801640255400836e-6
152.1	-2.4941322416206477e-6
152.2	-2.4059703416080386e-6
152.3	-2.3158448045686516e-6
152.4	-2.22392204637092e-6
152.5	-2.1303681742241414e-6
152.6	-2.0353487526207363e-6
152.7	-1.939028571108759e-6
152.8	-1.8415714100809341e-6
152.9	-1.7431398292519561e-6
153.0	-1.6438949449298644e-6
153.1	-1.543996224778126e-6
153.2	-1.4436012735986144e-6
153.3	-1.342865647718619e-6
153.4	-1.2419426572969886e-6
153.5	-1.1409831828433608e-6
153.6	-1.0401354974465896e-6
153.7	-9.395450961192052e-7
153.8	-8.393545331863197e-7
153.9	-7.397032632548166e-7
154.0	-6.407274920152285e-7
154.1	-5.425600374449571e-7
154.2	-4.45330193338877e-7
154.3	-3.4916360192685344e-7
154.4	-2.5418213413725627e-7
154.5	-1.6050378041524474e-7
154.6	-6.824254525231218e-8
154.7	2.249165146796618e-8
154.8	1.1159305953990525e-7
154.9	1.9896018086233253e-7
155.0	2.84495844201244e-7
155.1	3.6810727000737255e-7
155.2	4.497061263309514e-7
155.3	5.292085851520062e-7
155.4	6.065353602766608e-7
155.5	6.816117453838634e-7
155.6	7.543676422660426e-7
155.7	8.247375824820764e-7
155.8	8.926607390671918e-7
155.9	9.580809369131283e-7
156.0	1.0209466502459784e-6
156.1	1.0812110018265099e-6
156.2	1.138831739496522e-6
156.3	1.1937712239908566e-6
156.4	1.24599640005142e-6
156.5	1.2954787653978745e-6
156.6	1.3421943307643844e-6
156.7	1.3861235738416346e-6
156.8	1.4272513923233673e-6
156.9	1.4655670473720586e-6
157.0	1.5010640995875584e-6
157.1	1.5337403495323777e-6
157.2	1.5635977556983617e-6
157.3	1.5906423647080022e-6
157.4	1.614884231593362e-6
157.5	1.6363373345524898e-6
157.6	1.6550194770023768e-6
157.7	1.6709522037072675e-6
157.8	1.6841607031958859e-6
157.9	1.6946736964519217e-6
158.0	1.7025233441896267e-6
158.1	1.70774513347765e-6
158.2	1.7103777690214142e-6
158.3	1.7104630588873894e-6
158.4	1.7080457953859633e-6
158.5	1.7031736454436147e-6
158.6	1.6958970217558948e-6
158.7	1.6862689653482875e-6
158.8	1.674345019478951e-6
158.9	1.6601831055465586e-6
159.0	1.6438433970364716e-6
159.1	1.6253881879386145e-6
159.2	1.6048817712243254e-6
159.3	1.5823903028600561e-6
159.4	1.5579816745173065e-6
159.5	1.5317253872726378e-6
159.6	1.5036924149831853e-6
159.7	1.4739550787844561e-6
159.8	1.44258691617951e-6
159.9	1.4096625540535517e-6
160.0	1.3752575788823685e-6
160.1	1.3394484083623686e-6
160.2	1.3023121679871724e-6
160.3	1.263926560550477e-6
160.4	1.2243697456364075e-6
160.5	1.1837202188041475e-6
160.6	1.142056688943226e-6
160.7	1.0994579615689057e-6
160.8	1.0560028172641477e-6
160.9	1.0117698998342643e-6
161.0	9.668376053124981e-7
161.1	9.212839688701233e-7
161.2	8.751865590487139e-7
161.3	8.286223691292904e-7
161.4	7.816677212132671e-7
161.5	7.343981586673547e-7
161.6	6.868883557051847e-7
161.7	6.392120204110726e-7
161.8	5.914418033448236e-7
161.9	5.436492128933592e-7
162.0	4.959045282849644e-7
162.1	4.482767191055366e-7
162.2	4.008333693177577e-7
162.3	3.536405999231253e-7
162.4	3.0676300033768324e-7
162.5	2.602635600699644e-7
162.6	2.1420360411100118e-7
162.7	1.6864273549970844e-7
162.8	1.2363877387582729e-7
162.9	7.924770422046745e-8
163.0	3.552363214638113e-8
163.1	-7.48126974943754e-9
163.2	-4.9716800587907176e-8
163.3	-9.11347669085821e-8
163.4	-1.3168902024102984e-7
163.5	-1.7133549269207333e-7
163.6	-2.100322198497682e-7
163.7	-2.477393622429128e-7
163.8	-2.844192358698455e-7
163.9	-3.2003632013694637e-7
164.0	-3.5455727451333863e-7
164.1	-3.879509491667118e-7
164.2	-4.201883931279015e-7
164.3	-4.512428572076289e-7
164.4	-4.810897914774704e-7
164.5	-5.097068470699299e-7
164.6	-5.370738655407566e-7
164.7	-5.631728745350556e-7
164.8	-5.879880687834377e-7
164.9	-6.11505801846948e-7
165.0	-6.337145647421318e-7
165.1	-6.546049657096221e-7
165.2	-6.7416970583991e-7
165.3	-6.924035519734693e-7
165.4	-7.093033125090799e-7
165.5	-7.248678003907911e-7
165.6	-7.390978043189907e-7
165.7	-7.519960476755503e-7
165.8	-7.635671548516657e-7
165.9	-7.738176095513454e-7
166.0	-7.827557109134762e-7
166.1	-7.903915321054072e-7
166.2	-7.967368725604206e-7
166.3	-8.018052101639497e-7
166.4	-8.056116530753922e-7
166.5	-8.081728888961391e-7
166.6	-8.095071298865001e-7
166.7	-8.096340606581458e-7
166.8	-8.085747867853054e-7
166.9	-8.063517766830918e-7
167.0	-8.029888016628202e-7
167.1	-7.985108822698974e-7
167.2	-7.929442282996594e-7
167.3	-7.863161766649147e-7
167.4	-7.786551393158943e-7
167.5	-7.699905318699773e-7
167.6	-7.603527244345594e-7
167.7	-7.497729694260545e-7
167.8	-7.382833487958742e-7
167.9	-7.259167095373663e-7
168.0	-7.127065984947727e-7
168.1	-6.986872082094841e-7
168.2	-6.838933100235834e-7
168.3	-6.683601931592623e-7
168.4	-6.521236073906023e-7
168.5	-6.35219700011669e-7
168.6	-6.176849582483829e-7
168.7	-5.995561458831394e-7
168.8	-5.808702486632371e-7
168.9	-5.616644138126319e-7
169.0	-5.419758940640511e-7
169.1	-5.218419898821018e-7
169.2	-5.012999995921369e-7
169.3	-4.803871560292946e-7
169.4	-4.59140578816446e-7
169.5	-4.375972217224863e-7
169.6	-4.1579382047895074e-7
169.7	-3.93766844390133e-7
169.8	-3.715524436907309e-7
169.9	-3.491864084850656e-7
170.0	-3.267041174471423e-7
170.1	-3.0414049587858044e-7
170.2	-2.8152997151213116e-7
170.3	-2.5890643301682034e-7
170.4	-2.363031956494926e-7
170.5	-2.1375295096485113e-7
170.6	-1.912877390398043e-7
170.7	-1.6893891215672002e-7
170.8	-1.4673709665878634e-7
170.9	-1.247121654387426e-7
171.0	-1.0289320750254725e-7
171.1	-8.130849397098573e-8
171.2	-5.998545727941734e-8
171.3	-3.8950664162746e-8
171.4	-1.8229788893364412e-8
171.5	2.1524039209839465e-9
171.6	2.2172082234903307e-8
171.7	4.1806364056275454e-8
171.8	6.10333353870606e-8
171.9	7.9832063179936e-8
172.0	9.818261031803329e-8
172.1	1.1606604703274922e-7
172.2	1.3346445948468187e-7
172.3	1.5036095977110975e-7
172.4	1.6673969181216482e-7
172.5	1.8258583367055252e-7
172.6	1.978856085266079e-7
172.7	2.1262627428975017e-7
172.8	2.2679613956899037e-7
172.9	2.4038454830332284e-7
173.0	2.533818831049601e-7
173.1	2.6577956341737473e-7
173.2	2.775700311938572e-7
173.3	2.8874675829240396e-7
173.4	2.993042180066176e-7
173.5	3.0923789816941636e-7
173.6	3.1854426722039883e-7
173.7	3.272207825780955e-7
173.8	3.3526586054200847e-7
173.9	3.426788756612187e-7
174.0	3.494601302327953e-7
174.1	3.5561084982044035e-7
174.2	3.6113316018224944e-7
174.3	3.6603006647755466e-7
174.4	3.703054367540211e-7
174.5	3.73963979610916e-7
174.6	3.770112234807113e-7
174.7	3.794534880215997e-7
174.8	3.812978730642877e-7
174.9	3.825522247050494e-7
175.0	3.8322511263833253e-7
175.1	3.8332580625564694e-7
175.2	3.828642485789679e-7
175.3	3.818510282171499e-7
175.4	3.8029735509494395e-7
175.5	3.782150310914054e-7
175.6	3.756164227490106e-7
175.7	3.725144358291778e-7
175.8	3.6892248085484047e-7
175.9	3.648544506211022e-7
176.0	3.603246891013637e-7
176.1	3.5534796259160845e-7
176.2	3.499394289913357e-7
176.3	3.441146112811613e-7
176.4	3.378893686967307e-7
176.5	3.3127986601700337e-7
176.6	3.243025405450727e-7
176.7	3.169740826127525e-7
176.8	3.093113998914028e-7
176.9	3.01331590837654e-7
177.0	2.930519170675889e-7
177.1	2.844897717191617e-7
177.2	2.7566265696046487e-7
177.3	2.6658815249738704e-7
177.4	2.572838909719522e-7
177.5	2.4776752698769614e-7
177.6	2.3805671748349102e-7
177.7	2.2816909033475668e-7
177.8	2.1812222158748176e-7
177.9	2.07933609950749e-7
178.0	1.9762065394292298e-7
178.1	1.8720062729460958e-7
178.2	1.7669065292025512e-7
178.3	1.6610768654547807e-7
178.4	1.5546848862624324e-7
178.5	1.4478961077665182e-7
178.6	1.3408736595206668e-7
178.7	1.2337781373047702e-7
178.8	1.1267674525747765e-7
178.9	1.0199965871558552e-7
179.0	9.136174273227351e-8
179.1	8.077786184721807e-8
179.2	7.02625403316113e-8
179.3	5.982994505736284e-8
179.4	4.949387142805802e-8
179.5	3.926773075521842e-8
179.6	2.9164539557039705e-8
179.7	1.919690247480242e-8
179.8	9.377004189455229e-9
179.9	-2.834034743605374e-10
180.0	-9.773004453463972e-9
180.1	-1.908093459852486e-8
180.2	-2.8196788304277478e-8
180.3	-3.711062237911455e-8
180.4	-4.581296409210999e-8
180.5	-5.429482020331959e-8
180.6	-6.254767575462387e-8
180.7	-7.056349952546192e-8
180.8	-7.833475190297045e-8
180.9	-8.585438306706408e-8
181.0	-9.311583270033359e-8
181.1	-1.0011303704275618e-7
181.2	-1.0684042144642934e-7
181.3	-1.1329290995470994e-7
181.4	-1.194659146324175e-7
181.5	-1.2535533691545945e-7
181.6	-1.309575647966942e-7
181.7	-1.3626947349537497e-7
181.8	-1.412884131282081e-7
181.9	-1.4601221057840372e-7
182.0	-1.504391651566204e-7
182.1	-1.545680363945921e-7
182.2	-1.5839804472837545e-7
182.3	-1.6192885952518728e-7
182.4	-1.65160592022442e-7
182.5	-1.6809379349615848e-7
182.6	-1.707294387841497e-7
182.7	-1.730689214157112e-7
182.8	-1.751140418825307e-7
182.9	-1.768670002294256e-7
183.0	-1.783303888515576e-7
183.1	-1.7950717011776048e-7
183.2	-1.8040067882532693e-7
183.3	-1.8101460571173733e-7
183.4	-1.8135298103195125e-7
183.5	-1.814201694610872e-7
183.6	-1.8122085697095856e-7
183.7	-1.8076003259669606e-7
183.8	-1.8004298214027716e-7
183.9	-1.7907527395150476e-7
184.0	-1.7786274195527232e-7
184.1	-1.7641147720689925e-7
184.2	-1.7472781245012478e-7
184.3	-1.7281830580623894e-7
184.4	-1.7068973378198416e-7
184.5	-1.683490713240128e-7
184.6	-1.6580348128287983e-7
184.7	-1.630603010025527e-7
184.8	-1.6012702519258128e-7
184.9	-1.5701129599486197e-7
185.0	-1.5372088667282883e-7
185.1	-1.5026368910505857e-7
185.2	-1.4664769936333655e-7
185.3	-1.42881005705682e-7
185.4	-1.3897177336683007e-7
185.5	-1.3492823258160233e-7
185.6	-1.3075866491429209e-7
185.7	-1.264713895111219e-7
185.8	-1.2207475086616e-7
185.9	-1.1757710805082596e-7
186.0	-1.1298681913741757e-7
186.1	-1.0831222801944056e-7
186.2	-1.0356165809376966e-7
186.3	-9.874339582832205e-8
186.4	-9.386567985974837e-8
186.5	-8.893669358960523e-8
186.6	-8.396454609906281e-8
186.7	-7.895727148850808e-8
186.8	-7.392280892685263e-8
186.9	-6.886900004161455e-8
187.0	-6.380357765342117e-8
187.1	-5.8734152705257814e-8
187.2	-5.366820882895544e-8
187.3	-4.8613093031718326e-8
187.4	-4.357600575977473e-8
187.5	-3.856399468690135e-8
187.6	-3.3583946783725606e-8
187.7	-2.8642580030608117e-8
187.8	-2.374643811787387e-8
187.9	-1.890188407104516e-8
188.0	-1.4115091569547907e-8
188.1	-9.392042822685479e-9
188.2	-4.7385191280750626e-9
188.3	-1.6009993100926834e-10
188.4	4.337845120573907e-9
188.5	8.750156239750663e-9
188.6	1.30718937967759e-8
188.7	1.7298333790479562e-8
188.8	2.1424977191669276e-8
188.9	2.544754913430372e-8
189.0	2.93620011920563e-8
189.1	3.316451854743188e-8
189.2	3.685151358727988e-8
189.3	4.0419630344201435e-8
189.4	4.3865749783199485e-8
189.5	4.718698508588564e-8
189.6	5.0380676863788935e-8
189.7	5.344440899155288e-8
189.8	5.6375991233813435e-8
189.9	5.917346687308584e-8
190.0	6.183510949691976e-8
190.1	6.435942493434922e-8
190.2	6.674514069165853e-8
190.3	6.899121277799526e-8
190.4	7.10968202436911e-8
190.5	7.306135980624418e-8
190.6	7.488444792351612e-8
190.7	7.656591273514524e-8
190.8	7.810579058792302e-8
190.9	7.95043284027509e-8
191.0	8.076197335407809e-8
191.1	8.187936978197418e-8
191.2	8.28573582131191e-8
191.3	8.369696535676274e-8
191.4	8.439940642600415e-8
191.5	8.496606964593358e-8
191.6	8.539852277106314e-8
191.7	8.569849919520217e-8
191.8	8.586789524030018e-8
191.9	8.590876765142828e-8
192.0	8.582332229428498e-8
192.1	8.56139110319228e-8
192.2	8.528302770413821e-8
192.3	8.483329574445067e-8
192.4	8.426746894363589e-8
192.5	8.358842433652869e-8
192.6	8.279914786319765e-8
192.7	8.190273996211583e-8
192.8	8.090239881012971e-8
192.9	7.980141912453617e-8
193.0	7.860318779091296e-8
193.1	7.731117129741792e-8
193.2	7.592891216076443e-8
193.3	7.4460023810419e-8
193.4	7.290818057400671e-8
193.5	7.127711401905874e-8
193.6	6.957060632075994e-8
193.7	6.779248392803629e-8
193.8	6.594660866395948e-8
193.9	6.403687608874635e-8
194.0	6.20672020357211e-8
194.1	6.004152458601708e-8
194.2	5.796379495850515e-8
194.3	5.5837968629091816e-8
194.4	5.366800062376591e-8
194.5	5.14578419719982e-8
194.6	4.921143728153461e-8
194.7	4.6932708357154705e-8
194.8	4.4625555624254e-8
194.9	4.229385593201611e-8
195.0	3.994144912245619e-8
195.1	3.7572142241073206e-8
195.2	3.518969490223188e-8
195.3	3.27978258780467e-8
195.4	3.040019735357157e-8
195.5	2.8000416062359498e-8
195.6	2.5602031514065503e-8
195.7	2.3208524056914715e-8
195.8	2.082330724289548e-8
195.9	1.844972377597481e-8
196.0	1.6091038104079806e-8
196.1	1.3750437508343984e-8
196.2	1.1431024774293461e-8
196.3	9.135818184496705e-9
196.4	6.867747284957591e-9
196.5	4.62964944148624e-9
196.6	2.424267655106025e-9
196.7	2.542529264504322e-10
196.8	-1.8778476392878677e-9
196.9	-3.969585494950709e-9
197.0	-6.018611613674205e-9
197.1	-8.022684316341483e-9
197.2	-9.979664726291598e-9
197.3	-1.188752486348858e-8
197.4	-1.37443389688528e-8
197.5	-1.554829181874661e-8
197.6	-1.7297680080753644e-8
197.7	-1.8990905206328816e-8
197.8	-2.062648292179861e-8
197.9	-2.2203037419190457e-8
198.0	-2.371930657369291e-8
198.1	-2.5174133154598856e-8
198.2	-2.6566475634901335e-8
198.3	-2.789539863845238e-8
198.4	-2.9160077724882606e-8
198.5	-3.0359797363882356e-8
198.6	-3.14939481971689e-8
198.7	-3.2562028773193253e-8
198.8	-3.3563641961866855e-8
198.9	-3.449849511244674e-8
199.0	-3.53663981654969e-8
199.1	-3.616726401772639e-8
199.2	-3.690110341461668e-8
199.3	-3.7568024457571126e-8
199.4	-3.8168231246718336e-8
199.5	-3.870202459240386e-8
199.6	-3.916979434672765e-8
199.7	-3.9572021857930544e-8
199.8	-3.9909272733201583e-8
199.9	-4.018220223822138e-8
200.0	-4.039154367976928e-8
200.1	-4.0538112602129125e-8
200.2	-4.062280250035065e-8
200.3	-4.064657959726689e-8
200.4	-4.0610485176128044e-8
200.5	-4.051562578122286e-8
200.6	-4.036317806434318e-8
200.7	-4.015437933206621e-8
200.8	-3.989053116757959e-8
200.9	-3.957298592295127e-8
201.0	-3.920315706094709e-8
201.1	-3.878250789913432e-8
201.2	-3.831254887709688e-8
201.3	-3.779483830571398e-8
201.4	-3.7230973838468265e-8
201.5	-3.66225950226581e-8
201.6	-3.597137514617959e-8
201.7	-3.527902216345368e-8
201.8	-3.4547275838208574e-8
201.9	-3.3777900238054223e-8
202.0	-3.297268197835815e-8
202.1	-3.213343275258444e-8
202.2	-3.1261979921489124e-8
202.3	-3.0360164080569656e-8
202.4	-2.942983992009004e-8
202.5	-2.8472873253315455e-8
202.6	-2.749112902273124e-8
202.7	-2.6486482844762857e-8
202.8	-2.5460805215391935e-8
202.9	-2.4415969199825225e-8
203.0	-2.3353839351671788e-8
203.1	-2.2276273685134535e-8
203.2	-2.1185119571113648e-8
203.3	-2.0082215210552386e-8
203.4	-1.8969379723167016e-8
203.5	-1.7848413247181533e-8
203.6	-1.672109917770998e-8
203.7	-1.5589197373901504e-8
203.8	-1.4454445580788776e-8
203.9	-1.3318552549012817e-8
204.0	-1.2183198812209761e-8
204.1	-1.105003572879148e-8
204.2	-9.920682783330469e-9
204.3	-8.796722526932372e-9
204.4	-7.679703097921295e-9
204.5	-6.571136397912974e-9
204.6	-5.4724949870134885e-9
204.7	-4.385211421367576e-9
204.8	-3.310672647788626e-9
204.9	-2.250226934239132e-9
205.0	-1.2051760797245953e-9
205.1	-1.7677683206356791e-10
205.2	8.337620865381226e-10
205.3	1.8252756586481927e-9
205.4	2.7966508668876178e-9
205.5	3.746822160905093e-9
205.6	4.6747740435624235e-9
205.7	5.579541657597108e-9
205.8	6.460209371220618e-9
205.9	7.315915548431067e-9
206.0	8.14585049641339e-9
206.1	8.949252417722765e-9
206.2	9.725413040806797e-9
206.3	1.0473681987070913e-8
206.4	1.1193455278235015e-8
206.5	1.1884183019243471e-8
206.6	1.2545367061272347e-8
206.7	1.3176558624914767e-8
206.8	1.3777368689280527e-8
206.9	1.4347452202675482e-8
207.0	1.488651738045911e-8
207.1	1.539432276732404e-8
207.2	1.5870677821769673e-8
207.3	1.631543963808527e-8
207.4	1.6728514421820156e-8
207.5	1.7109859440759233e-8
207.6	1.745947432429302e-8
207.7	1.7777409057014088e-8
207.8	1.806375414019026e-8
207.9	1.8318650498176195e-8
208.0	1.8542278643281555e-8
208.1	1.8734863955896065e-8
208.2	1.8896672936598064e-8
208.3	1.9028010070923875e-8
208.4	1.912922055743138e-8
208.5	1.920068779796823e-8
208.6	1.924283238878079e-8
208.7	1.925611029620065e-8
208.8	1.9241011842584542e-8
208.9	1.9198056445277867e-8
209.0	1.912780063731603e-8
209.1	1.9030826194612895e-8
209.2	1.8907748475204236e-8
209.3	1.8759206511904635e-8
209.4	1.858586528758079e-8
209.5	1.8388418809839036e-8
209.6	1.816757916378617e-8
209.7	1.792408098396534e-8
209.8	1.765868212154219e-8
209.9	1.7372153977080805e-8
210.0	1.7065290013719804e-8
210.1	1.6738897237733017e-8
210.2	1.6393795507669397e-8
210.3	1.60308200484482e-8
210.4	1.5650819416046868e-8
210.5	1.5254646790016658e-8
210.6	1.4843167148420494e-8
210.7	1.4417251903366192e-8
210.8	1.3977779420913194e-8
210.9	1.3525630143110223e-8
211.0	1.3061688126378389e-8
211.1	1.2586841742432755e-8
211.2	1.210197417151126e-8
211.3	1.160797564521929e-8
211.4	1.1105727983423108e-8
211.5	1.0596108780739861e-8
211.6	1.0079995291201512e-8
211.7	9.558256527239608e-9
211.8	9.031752738958098e-9
211.9	8.501339730460031e-9
212.0	7.96786116722968e-9
212.1	7.432150209065351e-9
212.2	6.895029256017218e-9
212.3	6.35731213579591e-9
212.4	5.819794252881402e-9
212.5	5.28325551699994e-9
212.6	4.748464987810399e-9
212.7	4.216172290127614e-9
212.8	3.687114209302742e-9
212.9	3.1620051733054238e-9
213.0	2.6415433081526038e-9
213.1	2.1264086297349467e-9
213.2	1.6172595616718647e-9
213.3	1.1147353070500413e-9
213.4	6.194537423670898e-10
213.5	1.3201043774938e-10
213.6	-3.470198879048109e-10
213.7	-8.170838276173887e-10
213.8	-1.2776536916552007e-9
213.9	-1.728221147474915e-9
214.0	-2.168307225105986e-9
214.1	-2.597451103763154e-9
214.2	-3.0152192017186675e-9
214.3	-3.421201534502501e-9
214.4	-3.815012787717813e-9
214.5	-4.19629074084532e-9
214.6	-4.5646991706150365e-9
214.7	-4.919926288212674e-9
214.8	-5.26168603997932e-9
214.9	-5.5897148565799315e-9
215.0	-5.903776961721359e-9
215.1	-6.2036596658911325e-9
215.2	-6.48917335131631e-9
215.3	-6.7601541691899294e-9
215.4	-7.016463370646298e-9
215.5	-7.2579840849690234e-9
215.6	-7.484623193913537e-9
215.7	-7.696313425356172e-9
215.8	-7.893008875031346e-9
215.9	-8.074685471689075e-9
216.0	-8.241343428620551e-9
216.1	-8.393003947968697e-9
216.2	-8.529709416586105e-9
216.3	-8.651523456491291e-9
216.4	-8.758531423621364e-9
216.5	-8.850837749095845e-9
216.6	-8.928567957185242e-9
216.7	-8.991863445235813e-9
216.8	-9.040888053574571e-9
216.9	-9.075819815229499e-9
217.0	-9.096857393822656e-9
217.1	-9.104215943295278e-9
217.2	-9.098125981311269e-9
217.3	-9.078832378217869e-9
217.4	-9.046599003597181e-9
217.5	-9.001698442932217e-9
217.6	-8.944420629739274e-9
217.7	-8.875067848168888e-9
217.8	-8.793954427086614e-9
217.9	-8.701405990490242e-9
218.0	-8.597761339036922e-9
218.1	-8.483366062489963e-9
218.2	-8.358577990686661e-9
218.3	-8.223761583338592e-9
218.4	-8.07929359169552e-9
218.5	-7.925550598529286e-9
218.6	-7.762925353248267e-9
218.7	-7.591811146653008e-9
218.8	-7.412606671564066e-9
218.9	-7.225718640364422e-9
219.0	-7.031554469510674e-9
219.1	-6.830525993007853e-9
219.2	-6.623050501650735e-9
219.3	-6.40954403224727e-9
219.4	-6.1904244488801645e-9
219.5	-5.9661114425728986e-9
219.6	-5.737024400931476e-9
219.7	-5.503582521464575e-9
219.8	-5.266203759911846e-9
219.9	-5.025305262350133e-9
220.0	-4.781300343905622e-9
220.1	-4.5346016261947e-9
220.2	-4.2856166066773705e-9
220.3	-4.034748682065532e-9
220.4	-3.782400167933749e-9
220.5	-3.5289644889021375e-9
220.6	-3.2748311700105925e-9
220.7	-3.020383635610068e-9
220.8	-2.765998712150437e-9
220.9	-2.512048670626283e-9
221.0	-2.258896754445517e-9
221.1	-2.0068998428949757e-9
221.2	-1.7564057674366452e-9
221.3	-1.507753113781547e-9
221.4	-1.2612717498665587e-9
221.5	-1.0172850278494831e-9
221.6	-7.761049088734367e-10
221.7	-5.380361099844211e-10
221.8	-3.0336911978031537e-10
221.9	-7.238813156834177e-11
222.0	1.5463421298797668e-10
222.1	3.77435882379376e-10
222.2	5.957659593056133e-10
222.3	8.093844505490505e-10
222.4	1.0180632025279042e-9
222.5	1.2215822328256486e-9
222.6	1.4197373429242686e-9
222.7	1.6123330798467884e-9
222.8	1.7991865435362945e-9
222.9	1.980125067277884e-9
223.0	2.154988939780745e-9
223.1	2.3236303352675132e-9
223.2	2.485911220596283e-9
223.3	2.6417093590127963e-9
223.4	2.7909104927938548e-9
223.5	2.933412857541885e-9
223.6	3.0691244459165328e-9
223.7	3.19797060565692e-9
223.8	3.319882082291221e-9
223.9	3.4348052832115797e-9
224.0	3.5426929428592025e-9
224.1	3.6435133973475376e-9
224.2	3.737244640361645e-9
224.3	3.823873954288602e-9
224.4	3.903401581500886e-9
224.5	3.975834265087503e-9
224.6	4.0411945327910644e-9
224.7	4.0995093512367056e-9
224.8	4.150819596982448e-9
224.9	4.195172599760975e-9
225.0	4.2326274337393e-9
225.1	4.263252564875943e-9
225.2	4.287123355361706e-9
225.3	4.304321959407457e-9
225.4	4.314942825010773e-9
225.5	4.319087123351463e-9
225.6	4.316862475791847e-9
225.7	4.308386188232508e-9
225.8	4.293779465137747e-9
225.9	4.273171388830967e-9
226.0	4.246699518094954e-9
226.1	4.214507816981567e-9
226.2	4.176742029537358e-9
226.3	4.133555177735057e-9
226.4	4.085107909068265e-9
226.5	4.031561999301179e-9
226.6	3.973087570775004e-9
226.7	3.909858134171383e-9
226.8	3.842047317785326e-9
226.9	3.769836254683269e-9
227.0	3.6934083553822697e-9
227.1	3.612949200346938e-9
227.2	3.528647421203698e-9
227.3	3.4406952299205906e-9
227.4	3.3492842004410047e-9
227.5	3.2546100302710598e-9
227.6	3.1568674566201776e-9
227.7	3.0562544798461735e-9
227.8	2.95296780831264e-9
227.9	2.8472053008152443e-9
228.0	2.7391651887535423e-9
228.1	2.629045176751895e-9
228.2	2.5170434812830523e-9
228.3	2.403355336924724e-9
228.4	2.2881784209314722e-9
228.5	2.171704869668837e-9
228.6	2.054129104788718e-9
228.7	1.9356409072336585e-9
228.8	1.8164283572917733e-9
228.9	1.6966799875777978e-9
229.0	1.576578729066131e-9
229.1	1.4563059673585759e-9
229.2	1.33603978754698e-9
229.3	1.215955125156208e-9
229.4	1.0962232230997775e-9
229.5	9.77013346296613e-10
229.6	8.584888027846141e-10
229.7	7.408102611652982e-10
229.8	6.241346699276221e-10
229.9	5.086142732056999e-10
230.0	3.943962173649461e-10
230.1	2.8162210633244603e-10
230.2	1.7043008810850314e-10
230.3	6.095619698433649e-11
230.4	-4.667141440231504e-11
230.5	-1.5233035196991038e-10
230.6	-2.558992167998464e-10
230.7	-3.5726695730653454e-10
230.8	-4.563249793612808e-10
230.9	-5.52969801998335e-10
231.0	-6.4710444536706e-10
231.1	-7.386351766688751e-10
231.2	-8.274770468625035e-10
231.3	-9.135481899854601e-10
231.4	-9.967728638068541e-10
231.5	-1.0770811214760494e-9
231.6	-1.1544091015527513e-9
231.7	-1.2286960880059633e-9
231.8	-1.2998895080629815e-9
231.9	-1.3679418727902504e-9
232.0	-1.4328094325500527e-9
232.1	-1.4944561175108825e-9
232.2	-1.5528480352004564e-9
232.3	-1.6079595417242697e-9
232.4	-1.659768378398005e-9
232.5	-1.7082606777715326e-9
232.6	-1.7534228766026939e-9
232.7	-1.7952526430857151e-9
232.8	-1.8337444721339568e-9
232.9	-1.8689063757832147e-9
233.0	-1.900744373517915e-9
233.1	-1.9292742248642497e-9
233.2	-1.954513315078883e-9
233.3	-1.9764819690499596e-9
233.4	-1.9952087212035613e-9
233.5	-2.010724777548936e-9
233.6	-2.0230648220816528e-9
233.7	-2.0322664643199305e-9
233.8	-2.038375916321811e-9
233.9	-2.0414386573887233e-9
234.0	-2.0415050016875555e-9
234.1	-2.0386284585385813e-9
234.2	-2.0328671704897755e-9
234.3	-2.0242805050385115e-9
234.4	-2.0129315820947112e-9
234.5	-1.998885043353068e-9
234.6	-1.9822116531365585e-9
234.7	-1.96298242688061e-9
234.8	-1.941272490235707e-9
234.9	-1.917157508956763e-9
235.0	-1.8907153725162194e-9
235.1	-1.8620265664252807e-9
235.2	-1.8311706093386751e-9
235.3	-1.7982326148300145e-9
235.4	-1.7632978760125415e-9
235.5	-1.726452517811865e-9
235.6	-1.6877852986083437e-9
235.7	-1.6473824340799743e-9
235.8	-1.6053359621410629e-9
235.9	-1.5617351904019365e-9
236.0	-1.5166696146988119e-9
236.1	-1.4702304357930652e-9
236.2	-1.4225111499437265e-9
236.3	-1.3736015402243466e-9
236.4	-1.323595671425353e-9
236.5	-1.2725839632333996e-9
236.6	-1.2206567703079617e-9
236.7	-1.167904052319429e-9
236.8	-1.1144169615055488e-9
236.9	-1.0602884841586138e-9
237.0	-1.0056033410270356e-9
237.1	-9.504518885529024e-10
237.2	-8.949215894910509e-10
237.3	-8.390959480009309e-10
237.4	-7.830601723062922e-10
237.5	-7.269006680406356e-10
237.6	-6.706959118752173e-10
237.7	-6.145285227202059e-10
237.8	-5.584772986301192e-10
237.9	-5.026187487376276e-10
238.0	-4.4702802524150504e-10
238.1	-3.9178036470159603e-10
238.2	-3.369438065040347e-10
238.3	-2.825920708007954e-10
238.4	-2.2879068020613454e-10
238.5	-1.756072336133241e-10
238.6	-1.231023184173984e-10
238.7	-7.133969691149824e-11
238.8	-2.0376730948275325e-11
238.9	2.9728988644492243e-11
239.0	7.89251847960701e-11
239.1	1.2715830420769193e-10
239.2	1.743803740302099e-10
239.3	2.2054435248873026e-10
239.4	2.656039638050356e-10
239.5	3.0951936098493784e-10
239.6	3.5224871461695397e-10
239.7	3.937591457967034e-10
239.8	4.340125601513985e-10
239.9	4.729796214314089e-10
240.0	5.106293401522271e-10
240.1	5.469339367842553e-10
240.2	5.818700136451687e-10
240.3	6.154146825465958e-10
240.4	6.475511034874764e-10
240.5	6.782586873520349e-10
240.6	7.075243792520209e-10
240.7	7.353355976294028e-10
240.8	7.616841751792013e-10
240.9	7.865604155325819e-10
241.0	8.099602333982438e-10
241.1	8.318797922879829e-10
241.2	8.523192809586583e-10
241.3	8.712791116765495e-10
241.4	8.88761936106917e-10
241.5	9.047739779367517e-10
241.6	9.193205648845497e-10
241.7	9.324125635534892e-10
241.8	9.440628027647968e-10
241.9	9.54281665278794e-10
242.0	9.630859409133912e-10
242.1	9.70491223142457e-10
242.2	9.765162554063182e-10
242.3	9.811804185661954e-10
242.4	9.845055138358152e-10
242.5	9.865119343545859e-10
242.6	9.872261033502768e-10
242.7	9.866722815222897e-10
242.8	9.848783548021767e-10
242.9	9.818693072849013e-10
243.0	9.776764380507528e-10
243.1	9.7232883679667e-10
243.2	9.658567311875471e-10
243.3	9.582920563399252e-10
243.4	9.496678537631507e-10
243.5	9.400177476102979e-10
243.6	9.293748345928625e-10
243.7	9.177731113907586e-10
243.8	9.052481765119777e-10
243.9	8.918349850208773e-10
244.0	8.775709212703601e-10
244.1	8.624912582566786e-10
244.2	8.46631847697276e-10
244.3	8.300298155677628e-10
244.4	8.127238821946691e-10
244.5	7.947479514420602e-10
244.6	7.761414275955622e-10
244.7	7.569409580813069e-10
244.8	7.371820599654862e-10
244.9	7.169025940678088e-10
245.0	6.961376477151703e-10
245.1	6.749231270060535e-10
245.2	6.532966409639125e-10
245.3	6.312942574515877e-10
245.4	6.089492274681678e-10
245.5	5.862971137714715e-10
245.6	5.63372180617447e-10
245.7	5.402082125603864e-10
245.8	5.168367039243865e-10
245.9	4.932920094118315e-10
246.0	4.696056661078593e-10
246.1	4.458087584027167e-10
246.2	4.2193143427494935e-10
246.3	3.980037433526e-10
246.4	3.7405365572142253e-10
246.5	3.5011093221216856e-10
246.6	3.262022516163515e-10
246.7	3.0235339247998053e-10
246.8	2.7859124544043343e-10
246.9	2.549406901739699e-10
247.0	2.3142510878014155e-10
247.1	2.0806845425490368e-10
247.2	1.8489206236121872e-10
247.3	1.6191706691678386e-10
247.4	1.391663369495516e-10
247.5	1.166559770651725e-10
247.6	9.440563471448171e-11
247.7	7.243354068405292e-11
247.8	5.075744281562609e-11
247.9	2.939089387961323e-11
248.0	8.351034885132821e-12
248.1	-1.2349520525291591e-11
248.2	-3.2695805620837335e-11
248.3	-5.2676407511493536e-11
248.4	-7.22805600952141e-11
248.5	-9.149754594032321e-11
248.6	-1.1031801487819555e-10
248.7	-1.2873070760371361e-10
248.8	-1.4673055438639826e-10
248.9	-1.6430792501353403e-10
249.0	-1.814577968481024e-10
249.1	-1.9817441663090553e-10
249.2	-2.1445362572935088e-10
249.3	-2.3028951044398553e-10
249.4	-2.4567831020663576e-10
249.5	-2.606179616720199e-10
249.6	-2.7510568285423404e-10
249.7	-2.8914035175240436e-10
249.8	-3.0272150785278763e-10
249.9	-3.1584795954208704e-10
250.0	-3.2852086454563485e-10
250.1	-3.407394511036402e-10
250.2	-3.525073818340379e-10
250.3	-3.6382501963450153e-10
250.4	-3.7469427662957604e-10
250.5	-3.851182355703721e-10
250.6	-3.950996953594924e-10
250.7	-4.046443845271006e-10
250.8	-4.1375507482558003e-10
250.9	-4.224350878670745e-10
251.0	-4.306914056549393e-10
251.1	-4.385271213061294e-10
251.2	-4.459487448767136e-10
251.3	-4.529620559636296e-10
251.4	-4.5957240552042824e-10
251.5	-4.657855240336171e-10
251.6	-4.716098167291907e-10
251.7	-4.770495136121636e-10
251.8	-4.821124328000818e-10
251.9	-4.868057251564672e-10
252.0	-4.911358167934246e-10
252.1	-4.951120809142702e-10
252.2	-4.987396663030579e-10
252.3	-5.020267105294326e-10
252.4	-5.049812664663297e-10
252.5	-5.076100286584407e-10
252.6	-5.099223897850194e-10
252.7	-5.11925330964912e-10
252.8	-5.136262681573716e-10
252.9	-5.150319660497891e-10
253.0	-5.161515552601214e-10
253.1	-5.169924843024376e-10
253.2	-5.175629197313202e-10
253.3	-5.178691159040493e-10
253.4	-5.179199692984225e-10
253.5	-5.17722654536576e-10
253.6	-5.17285695112871e-10
253.7	-5.166146274695309e-10
253.8	-5.157173034247682e-10
253.9	-5.146026878112913e-10
254.0	-5.132772600291947e-10
254.1	-5.117474963562736e-10
254.2	-5.10021265501554e-10
254.3	-5.081034762308766e-10
254.4	-5.06004262880283e-10
254.5	-5.037279136603227e-10
254.6	-5.012826094345194e-10
254.7	-4.986744024409069e-10
254.8	-4.959086783239268e-10
254.9	-4.92992116085888e-10
255.0	-4.899304856254337e-10
255.1	-4.867301411912505e-10
255.2	-4.833976834343258e-10
255.3	-4.799380240185916e-10
255.4	-4.763572832776706e-10
255.5	-4.72660555588634e-10
255.6	-4.688527941267218e-10
255.7	-4.649396439359677e-10
255.8	-4.609250621512915e-10
255.9	-4.5681574347163405e-10
256.0	-4.526154353291484e-10
256.1	-4.483303969582508e-10
256.2	-4.4396341427397996e-10
256.3	-4.395191210551523e-10
256.4	-4.350004858771745e-10
256.5	-4.304158989901951e-10
256.6	-4.257652673036508e-10
256.7	-4.2105286910357287e-10
256.8	-4.162848333351064e-10
256.9	-4.114619150025864e-10
257.0	-4.0659046149883077e-10
257.1	-4.0167261832630287e-10
257.2	-3.9671003234056017e-10
257.3	-3.91708628558178e-10
257.4	-3.8667018504844974e-10
257.5	-3.81596411529211e-10
257.6	-3.7649274245621824e-10
257.7	-3.713586905330436e-10
257.8	-3.661996356346239e-10
257.9	-3.6101871430691015e-10
258.0	-3.558146512271064e-10
258.1	-3.5059283039443044e-10
258.2	-3.453536395614716e-10
258.3	-3.4010236456223077e-10
258.4	-3.348373928210802e-10
258.5	-3.2956347809330623e-10
258.6	-3.2427982225835663e-10
258.7	-3.189905010186263e-10
258.8	-3.136955485299583e-10
258.9	-3.0839889829660227e-10
259.0	-3.03100018679678e-10
259.1	-2.978019046548401e-10
259.2	-2.9250432980459944e-10
259.3	-2.872087120410516e-10
259.4	-2.819182751292741e-10
259.5	-2.7663312162510064e-10
259.6	-2.713545175002058e-10
259.7	-2.660836421773421e-10
259.8	-2.60821234844808e-10
259.9	-2.555692260782858e-10
260.0	-2.5032628197919353e-10
260.1	-2.450942922639102e-10
260.2	-2.3987627409798483e-10
260.3	-2.346706671650214e-10
260.4	-2.2947846598634725e-10
260.5	-2.243011273577386e-10
260.6	-2.1913850741392203e-10
260.7	-2.1399286182655885e-10
260.8	-2.088626986809156e-10
260.9	-2.0374919412830412e-10
261.0	-1.9865332503857307e-10
261.1	-1.9357481037163556e-10
261.2	-1.885152702117768e-10
261.3	-1.8347365113950035e-10
261.4	-1.7845071485067502e-10
261.5	-1.7344700682151926e-10
261.6	-1.6846306560499994e-10
261.7	-1.6349935056394295e-10
261.8	-1.5855608738861497e-10
261.9	-1.536327853665065e-10
262.0	-1.4872889181908686e-10
262.1	-1.438456430493002e-10
262.2	-1.3898335253900179e-10
262.3	-1.3414263913489488e-10
262.4	-1.2932176398359542e-10
262.5	-1.245215236799919e-10
262.6	-1.1974308171986701e-10
262.7	-1.1498444609259419e-10
262.8	-1.1024645645647551e-10
262.9	-1.0552983714618406e-10
263.0	-1.0083535677717495e-10
263.1	-9.616083095026463e-11
263.2	-9.15067811605519e-11
263.3	-8.687403182548306e-11
263.4	-8.226210063075915e-11
263.5	-7.767128318384664e-11
263.6	-7.309993465504608e-11
263.7	-6.854850540872941e-11
263.8	-6.401692330370675e-11
263.9	-5.950551853350468e-11
264.0	-5.5015055376743536e-11
264.1	-5.054389289181891e-11
264.2	-4.6092423207115584e-11
264.3	-4.165958975326532e-11
264.4	-3.7246132660139137e-11
264.5	-3.285195422714565e-11
264.6	-2.847620188079337e-11
264.7	-2.4119467502282288e-11
264.8	-1.9779457686169966e-11
264.9	-1.5458400320459736e-11
265.0	-1.1155037507986172e-11
265.1	-6.8697281923760324e-12
265.2	-2.6011816844526737e-12
265.3	1.6497786006799433e-12
265.4	5.883794657588025e-12
265.5	1.0101479370231155e-11
265.6	1.4302721915424666e-11
265.7	1.848783328372732e-11
265.8	2.2657462438979692e-11
265.9	2.6811790079359522e-11
266.0	3.0949290190295625e-11
266.1	3.507367962348364e-11
266.2	3.918330213136161e-11
266.3	4.327708254089008e-11
266.4	4.735781380097273e-11
266.5	5.142365254651253e-11
266.6	5.547608540988427e-11
266.7	5.951505571955404e-11
266.8	6.354089017298543e-11
266.9	6.75535028830377e-11
267.0	7.155339415403929e-11
267.1	7.554175489315431e-11
267.2	7.951887346881702e-11
267.3	8.348340990665327e-11
267.4	8.743777878500644e-11
267.5	9.137918772259471e-11
267.6	9.531177220522835e-11
267.7	9.923378612313068e-11
267.8	1.0314464239655083e-10
267.9	1.0704572969002983e-10
268.0	1.1093642919769629e-10
268.1	1.1481789186149049e-10
268.2	1.1868981839592958e-10
268.3	1.2255316807670402e-10
268.4	1.2640920813723259e-10
268.5	1.3025625919721644e-10
268.6	1.3409549674415269e-10
268.7	1.3792676977782494e-10
268.8	1.4174934971448926e-10
268.9	1.4556605394900652e-10
269.0	1.493749363635807e-10
269.1	1.5317906379914727e-10
269.2	1.5697715154429498e-10
269.3	1.607674364128932e-10
269.4	1.6455165514765665e-10
269.5	1.683305278381462e-10
269.6	1.7210405118362598e-10
269.7	1.758727132565911e-10
269.8	1.796371045309353e-10
269.9	1.8339633910477263e-10
270.0	1.871525973809731e-10
270.1	1.9090373226274722e-10
270.2	1.9465077531223849e-10
270.3	1.983947910142964e-10
270.4	2.0213573818123739e-10
270.5	2.0587356980939868e-10
270.6	2.096091725267972e-10
270.7	2.1334170591319972e-10
270.8	2.1707323438738184e-10
270.9	2.2080267741774396e-10
271.0	2.2453023013880635e-10
271.1	2.2825473940551895e-10
271.2	2.319779488008942e-10
271.3	2.357008032683367e-10
271.4	2.3942334739932334e-10
271.5	2.4314413805022434e-10
271.6	2.4686660517974476e-10
271.7	2.5058756354025625e-10
271.8	2.543092060128219e-10
271.9	2.5803105255069704e-10
272.0	2.6175381421041406e-10
272.1	2.654765284308047e-10
272.2	2.6920135904726306e-10
272.3	2.729273116904437e-10
272.4	2.7665359283701334e-10
272.5	2.803812870599715e-10
272.6	2.8411156569860304e-10
272.7	2.8784414391790545e-10
272.8	2.9157871047258946e-10
272.9	2.953159893131098e-10
273.0	2.990571990780196e-10
273.1	3.0279977097488574e-10
273.2	3.0654632988546783e-10
273.3	3.1029672114778493e-10
273.4	3.140506782403821e-10
273.5	3.178077712896829e-10
273.6	3.2156844402471245e-10
273.7	3.2533396554148477e-10
273.8	3.2910289372917353e-10
273.9	3.3287689063477204e-10
274.0	3.3665499938120414e-10
274.1	3.4043944444643127e-10
274.2	3.442290097489425e-10
274.3	3.480224554044025e-10
274.4	3.518201548468497e-10
274.5	3.556248037641678e-10
274.6	3.59435804297622e-10
274.7	3.6325257140832673e-10
274.8	3.6707493995436655e-10
274.9	3.709036072420786e-10
275.0	3.7473848815903333e-10
275.1	3.785811097047988e-10
275.2	3.824313728286589e-10
275.3	3.8628691526019367e-10
275.4	3.9015181492940433e-10
275.5	3.9402270902141015e-10
275.6	3.979015824629764e-10
275.7	4.0178773466544846e-10
275.8	4.056805673562168e-10
275.9	4.0958181210136543e-10
276.0	4.1349155502305165e-10
276.1	4.174105512430874e-10
276.2	4.213375427029033e-10
276.3	4.252724167821315e-10
276.4	4.292171704575504e-10
276.5	4.331712790419036e-10
276.6	4.3713446776980183e-10
276.7	4.4110626089367686e-10
276.8	4.450865856333287e-10
276.9	4.4907780639023735e-10
277.0	4.530779662493412e-10
277.1	4.570877650463486e-10
277.2	4.611070162314346e-10
277.3	4.6513703570390034e-10
277.4	4.691778449973247e-10
277.5	4.732288711926677e-10
277.6	4.772902512152156e-10
277.7	4.813634825429535e-10
277.8	4.854460935751836e-10
277.9	4.89538648678665e-10
278.0	4.936426955824537e-10
278.1	4.977577348848866e-10
278.2	5.018855745224511e-10
278.3	5.060252986893037e-10
278.4	5.101753289165003e-10
278.5	5.143371289688042e-10
278.6	5.185103933211839e-10
278.7	5.226959626938776e-10
278.8	5.268939723037338e-10
278.9	5.311041295922659e-10
279.0	5.353256383756349e-10
279.1	5.395600630641442e-10
279.2	5.43807040133158e-10
279.3	5.480670821008005e-10
279.4	5.523389414427853e-10
279.5	5.566252049019929e-10
279.6	5.609244103468647e-10
279.7	5.652370699219664e-10
279.8	5.695612836069215e-10
279.9	5.73899400410833e-10
280.0	5.782514269101466e-10
280.1	5.826169970602543e-10
280.2	5.869962280393291e-10
280.3	5.913894393286556e-10
280.4	5.957972300549234e-10
280.5	6.002170163256773e-10
280.6	6.046511418250641e-10
280.7	6.090994554541283e-10
280.8	6.135619936017435e-10
280.9	6.180384505968121e-10
281.0	6.225313666348207e-10
281.1	6.270381327917199e-10
281.2	6.315596435158646e-10
281.3	6.360963899246165e-10
281.4	6.406478648958037e-10
281.5	6.452133040551645e-10
281.6	6.4979353379927e-10
281.7	6.543902345225376e-10
281.8	6.590011498236814e-10
281.9	6.63627708704562e-10
282.0	6.682703958076282e-10
282.1	6.729276572929051e-10
282.2	6.776012461195127e-10
282.3	6.822897594172035e-10
282.4	6.869960141385139e-10
282.5	6.917168086187394e-10
282.6	6.96452886558369e-10
282.7	7.01206491523578e-10
282.8	7.059754720302413e-10
282.9	7.107609695634579e-10
283.0	7.155621166234942e-10
283.1	7.203795013705879e-10
283.2	7.252137473519014e-10
283.3	7.300654159754155e-10
283.4	7.349344980850235e-10
283.5	7.398194991775132e-10
283.6	7.447207485681296e-10
283.7	7.496391520233836e-10
283.8	7.545747026741794e-10
283.9	7.595271673593003e-10
284.0	7.644965587694631e-10
284.1	7.694840254510031e-10
284.2	7.744883774763279e-10
284.3	7.795093203497311e-10
284.4	7.84547568236084e-10
284.5	7.89604754437544e-10
284.6	7.946786970438712e-10
284.7	7.997702750871585e-10
284.8	8.048790970664046e-10
284.9	8.100060197537579e-10
285.0	8.151501740347727e-10
285.1	8.203132258387963e-10
285.2	8.25493018972552e-10
285.3	8.306913634598745e-10
285.4	8.359086481474128e-10
285.5	8.411417295407114e-10
285.6	8.463943915961047e-10
285.7	8.516654493232893e-10
285.8	8.569545947174211e-10
285.9	8.622625819837123e-10
286.0	8.675891466041903e-10
286.1	8.729338606779859e-10
286.2	8.782971018816354e-10
286.3	8.836782296088975e-10
286.4	8.890784024454587e-10
286.5	8.94497771349559e-10
286.6	8.999358553959154e-10
286.7	9.053934647432294e-10
286.8	9.108707668084909e-10
286.9	9.163643445854576e-10
287.0	9.218786245887937e-10
287.1	9.274113846133323e-10
287.2	9.329641420224687e-10
287.3	9.38537307651415e-10
287.4	9.4412805700381e-10
287.5	9.497371817987978e-10
287.6	9.553666150115012e-10
287.7	9.610156462501007e-10
287.8	9.666842760128433e-10
287.9	9.72371590047931e-10
288.0	9.780796091517915e-10
288.1	9.838060332972104e-10
288.2	9.895521934151374e-10
288.3	9.953187133787492e-10
288.4	1.0011058159326847e-9
288.5	1.0069119533583107e-9
288.6	1.0127381526441262e-9
288.7	1.0185846207038233e-9
288.8	1.0244512429048743e-9
288.9	1.030337856500597e-9
289.0	1.0362445917637374e-9
289.1	1.04216994369203e-9
289.2	1.0481165107739543e-9
289.3	1.0540827545985404e-9
289.4	1.0600694291129673e-9
289.5	1.0660763316273144e-9
289.6	1.0721038131046873e-9
289.7	1.078152250625246e-9
289.8	1.0842218694602744e-9
289.9	1.0903111418239066e-9
290.0	1.0964219192563217e-9
290.1	1.1025527493562102e-9
290.2	1.1087039397200766e-9
290.3	1.1148757009558236e-9
290.4	1.1210669999369078e-9
290.5	1.1272796448474251e-9
290.6	1.1335121475238342e-9
290.7	1.139765739960843e-9
290.8	1.1460413940653525e-9
290.9	1.152337860824215e-9
291.0	1.1586560943229319e-9
291.1	1.1649930382869077e-9
291.2	1.1713521272117343e-9
291.3	1.1777325622242319e-9
291.4	1.1841343183835174e-9
291.5	1.1905572889823455e-9
291.6	1.1970015332733422e-9
291.7	1.2034666354410392e-9
291.8	1.2099526153377775e-9
291.9	1.216460139487065e-9
292.0	1.2229887390429443e-9
292.1	1.2295383474378457e-9
292.2	1.2361084552756152e-9
292.3	1.2427011371685827e-9
292.4	1.249314461087274e-9
292.5	1.2559505683276741e-9
292.6	1.2626063094175943e-9
292.7	1.2692846919241274e-9
292.8	1.2759850765083685e-9
292.9	1.2827064006853997e-9
293.0	1.2894496219164692e-9
293.1	1.2962144021145356e-9
293.2	1.3029999797232778e-9
293.3	1.3098070140075726e-9
293.4	1.3166365426514727e-9
293.5	1.323488264760776e-9
293.6	1.3303604135985902e-9
293.7	1.3372554704051928e-9
293.8	1.34417196063843e-9
293.9	1.3511106640830977e-9
294.0	1.3580708021222428e-9
294.1	1.3650528606700706e-9
294.2	1.372056320420024e-9
294.3	1.3790822531085713e-9
294.4	1.3861298802834958e-9
294.5	1.3932007686776157e-9
294.6	1.4002940056679017e-9
294.7	1.407408704751725e-9
294.8	1.4145453636348895e-9
294.9	1.4217046701289462e-9
295.0	1.4288846663067989e-9
295.1	1.4360866580783686e-9
295.2	1.4433112852845372e-9
295.3	1.4505584262879427e-9
295.4	1.4578269513218168e-9
295.5	1.465118309503553e-9
295.6	1.4724323527903312e-9
295.7	1.479767978495411e-9
295.8	1.487126076158352e-9
295.9	1.4945068685373033e-9
296.0	1.5019104235638978e-9
296.1	1.509337423851707e-9
296.2	1.5167852062586946e-9
296.3	1.524254575415869e-9
296.4	1.5317476927627943e-9
296.5	1.5392625851393764e-9
296.6	1.5467991554590736e-9
296.7	1.5543593187844786e-9
296.8	1.56194061452866e-9
296.9	1.5695454249091047e-9
297.0	1.5771735902572173e-9
297.1	1.5848247880463294e-9
297.2	1.5924968990823007e-9
297.3	1.6001921359867586e-9
297.4	1.6079108497147647e-9
297.5	1.6156509770103552e-9
297.6	1.6234148974764663e-9
297.7	1.631201366972936e-9
297.8	1.6390094995345855e-9
297.9	1.646839690875012e-9
298.0	1.6546937968478529e-9
298.1	1.662570962173436e-9
298.2	1.6704708165962718e-9
298.3	1.678392533231673e-9
298.4	1.6863372615513787e-9
298.5	1.6943046279959827e-9
298.6	1.7022933778764531e-9
298.7	1.7103073602161674e-9
298.8	1.7183441346208587e-9
298.9	1.726403459564017e-9
299.0	1.7344852009539328e-9
299.1	1.742589838572605e-9
299.2	1.7507168250393657e-9
299.3	1.7588676451999419e-9
299.4	1.7670405576679844e-9
299.5	1.7752371658759157e-9
299.6	1.783455636105338e-9
299.7	1.7916980423115224e-9
299.8	1.7999636921037403e-9
299.9	1.8082500146027337e-9
300.0	1.8165617515267503e-9
