# t, ψ_r 
20.05	-0.039451864947824836
20.150000000000002	-0.06662217208778261
20.25	-0.09304413327236581
20.349999999999998	-0.1187145636648915
20.45	-0.14363057899006765
20.55	-0.16778959913742633
20.650000000000002	-0.191189351654598
20.75	-0.21382787511593132
20.849999999999998	-0.23570352237706282
20.95	-0.2568149636941963
21.05	-0.27716118971425746
21.150000000000002	-0.2967415143249527
21.25	-0.3155555773626283
21.349999999999998	-0.3336033471703587
21.45	-0.35088512300399827
21.55	-0.3674015372765584
21.650000000000002	-0.3831535576391696
21.75	-0.39814248889805176
21.849999999999998	-0.41236997474686976
21.95	-0.42583799932795774
22.05	-0.43854888860793306
22.150000000000002	-0.4505053115600458
22.25	-0.46171028115597057
22.349999999999998	-0.4721671551571752
22.45	-0.4818796366992527
22.55	-0.4908517746721369
22.650000000000002	-0.49908796388786864
22.75	-0.5065929450228268
22.849999999999998	-0.5133718043448736
22.95	-0.5194299732148794
23.05	-0.5247732273488386
23.150000000000002	-0.5294076858549243
23.25	-0.5333398100293381
23.349999999999998	-0.5365764019067418
23.45	-0.5391246025676384
23.55	-0.5409918901975869
23.650000000000002	-0.5421860778930656
23.75	-0.5427153112109229
23.849999999999998	-0.5425880654628866
23.95	-0.5418131427468414
24.05	-0.5403996687166438
24.150000000000002	-0.5383570890873839
24.25	-0.535695165872199
24.349999999999998	-0.5324239733522388
24.45	-0.5285538937764587
24.55	-0.524095612790109
24.650000000000002	-0.5190601145914011
24.75	-0.5134586768165817
24.849999999999998	-0.5073028651525593
24.95	-0.5006045276757445
25.05	-0.4933757889196739
25.150000000000002	-0.4856290436709996
25.25	-0.4773769504949375
25.349999999999998	-0.4686324249911101
25.45	-0.4594086327811108
25.55	-0.44971898223192475
25.650000000000002	-0.43957711691355705
25.75	-0.4289969077979319
25.849999999999998	-0.4179924451988182
25.95	-0.4065780304568623
26.05	-0.3947681673721325
26.150000000000002	-0.3825775533938899
26.25	-0.3700210705661153
26.349999999999998	-0.35711377622976914
26.45	-0.34387089350107614
26.55	-0.3303078015168859
26.650000000000002	-0.3164400254583417
26.75	-0.30228322636492905
26.849999999999998	-0.2878531907331889
26.95	-0.273165819914741
27.05	-0.2582371193235412
27.150000000000002	-0.2430831874564696
27.25	-0.22772020472770707
27.349999999999998	-0.21216442214047418
27.45	-0.1964321497952177
27.55	-0.18053974524098595
27.650000000000002	-0.16450360168956485
27.75	-0.14834013609208518
27.849999999999998	-0.13206577709239803
27.95	-0.11569695286743999
28.05	-0.09925007886382503
28.150000000000002	-0.08274154544808723
28.25	-0.06618770547135532
28.35	-0.04960486176379491
28.45	-0.03300925457693712
28.55	-0.016417048978054107
28.650000000000002	0.00015567778709877576
28.75	0.016692948951170558
28.85	0.03317890089299984
28.95	0.0495977957982313
29.05	0.0659340342934073
29.150000000000002	0.08217216806080539
29.25	0.09829691240498001
29.35	0.11429315875003218
29.45	0.1301459870743713
29.55	0.14584067825560235
29.650000000000002	0.16136272631605578
29.75	0.17669785055012957
29.85	0.1918320075257415
29.95	0.2067514029414096
30.05	0.22144250332816698
30.150000000000002	0.23589204758088714
30.25	0.25008705829684136
30.35	0.2640148529269957
30.45	0.27766305470452196
30.55	0.29101960334913607
30.650000000000002	0.30407276553097035
30.75	0.3168111450813127
30.85	0.3292236929306037
30.95	0.3412997167670913
31.05	0.3530288904053792
31.150000000000002	0.36440126283923663
31.25	0.3754072669781836
31.35	0.3860377280529007
31.45	0.3962838716745582
31.55	0.4061373315343022
31.650000000000002	0.4155901567391226
31.75	0.42463481876612624
31.85	0.4332642180266149
31.95	0.4414716900283727
32.05	0.4492510111292431
32.15	0.45659640387091394
32.25	0.4635025418798397
32.35	0.4699645543332687
32.45	0.4759780299785109
32.55	0.4815390206964072
32.65	0.48664404460454824
32.75	0.49129008869373636
32.85	0.495474610989712
32.95	0.4991955422340968
33.05	0.5024512870832636
33.15	0.5052407248165158
33.25	0.5075632095519718
33.35	0.5094185699683702
33.45	0.5108071085266588
33.55	0.5117296001920679
33.65	0.5121872906553158
33.75	0.5121818940519474
33.85	0.5117155901790527
33.95	0.5107910212112767
34.05	0.5094112879182638
34.15	0.5075799453827622
34.25	0.5053009982250343
34.35	0.502578895336471
34.45	0.4994185241246968
34.55	0.49582520427748794
34.65	0.49180468104966313
34.75	0.4873631180792594
34.85	0.4825070897397717
34.95	0.4772435730369182
35.05	0.4715799390561416
35.15	0.4655239439724351
35.25	0.4590837196295462
35.35	0.45226776369856286
35.45	0.44508492943081596
35.55	0.4375444150106644
35.65	0.42965575252313626
35.75	0.4214287965488297
35.85	0.4128737123985665
35.95	0.40400096400485297
36.05	0.3948213014761541
36.150000000000006	0.38534574833601865
36.25	0.3755855884651564
36.35	0.36555235274722686
36.45	0.35525780545066993
36.55	0.34471393035948406
36.650000000000006	0.3339329166601626
36.75	0.3229271446129
36.85	0.31170917102247814
36.95	0.3002917145242946
37.05	0.28868764070329017
37.150000000000006	0.27690994706724514
37.25	0.2649717478965652
37.35	0.2528862589807826
37.45	0.24066678226472418
37.55	0.22832669042824835
37.650000000000006	0.21587941141850395
37.75	0.20333841294581054
37.85	0.19071718696796183
37.95	0.17802923419293123
38.05	0.16528804860235266
38.150000000000006	0.1525071020272442
38.25	0.1396998287923396
38.35	0.12687961044859428
38.45	0.11405976061575535
38.55	0.10125350994775636
38.650000000000006	0.08847399125218554
38.75	0.07573422477118343
38.85	0.06304710364824972
38.95	0.050425379600431565
39.05	0.03788164881064558
39.150000000000006	0.02542833806307882
39.25	0.013077691132796172
39.35	0.0008417554547484612
39.45	-0.011267630917371632
39.55	-0.023238852045686525
39.650000000000006	-0.0350605265121038
39.75	-0.04672151948480292
39.85	-0.058210954431709386
39.95	-0.0695182244589991
40.05	-0.08063300326800119
40.150000000000006	-0.09154525571643686
40.25	-0.10224524796312247
40.35	-0.11272355719625238
40.45	-0.12297108092505107
40.55	-0.1329790458244193
40.650000000000006	-0.142739016124032
40.75	-0.1522429015346683
40.85	-0.1614829646989793
40.95	-0.17045182815632512
41.05	-0.17914248082337791
41.150000000000006	-0.18754828397326923
41.25	-0.19566297671258298
41.35	-0.20348068094964136
41.45	-0.2109959058515618
41.55	-0.2182035517838568
41.650000000000006	-0.22509891372757362
41.75	-0.2316776841769576
41.85	-0.2379359555124553
41.95	-0.24387022184885612
42.05	-0.24947738035875605
42.150000000000006	-0.2547547320726124
42.25	-0.25969998215684814
42.35	-0.26431123966966247
42.45	-0.26858701680187086
42.55	-0.27252622760368417
42.650000000000006	-0.2761281862021432
42.75	-0.27939260451576603
42.85	-0.2823195894703405
42.95	-0.2849096397233117
43.05	-0.2871636419056965
43.150000000000006	-0.2890828663867381
43.25	-0.2906689625710848
43.35	-0.2919239537384546
43.45	-0.29285023143485495
43.55	-0.2934505494260782
43.650000000000006	-0.29372801722410913
43.75	-0.2936860931986219
43.85	-0.29332857728555767
43.95	-0.29265960330551244
44.05	-0.29168363090488575
44.150000000000006	-0.2904054371339632
44.25	-0.2888301076748228
44.35	-0.2869630277355642
44.45	-0.2848098726239711
44.55	-0.2823765980166358
44.650000000000006	-0.27966942994010835
44.75	-0.27669485447789627
44.85	-0.2734596072215682
44.95	-0.2699706624813707
45.05	-0.2662352222746994
45.150000000000006	-0.26226070510592886
45.25	-0.25805473456032946
45.35	-0.2536251277235783
45.45	-0.24897988344751334
45.55	-0.24412717047993446
45.650000000000006	-0.23907531547421235
45.75	-0.23383279089936523
45.85	-0.2284082028636371
45.95	-0.2228102788738889
46.05	-0.21704785554572997
46.150000000000006	-0.21112986628369806
46.25	-0.2050653289469102
46.35	-0.19886333351816832
46.45	-0.1925330297969226
46.55	-0.1860836151286335
46.650000000000006	-0.17952432218724837
46.75	-0.17286440683219548
46.85	-0.16611313605189282
46.95	-0.15927977601326235
47.05	-0.15237358022795994
47.150000000000006	-0.14540377785565187
47.25	-0.13837956215936878
47.35	-0.1313100791215208
47.45	-0.12420441624488025
47.55	-0.11707159154520985
47.650000000000006	-0.10992054274854195
47.75	-0.10276011671248834
47.85	-0.09559905907976034
47.95	-0.08844600417680905
48.05	-0.0813094651687957
48.150000000000006	-0.07419782448318803
48.25	-0.0671193245148966
48.35	-0.060082058618410324
48.45	-0.05309396239930872
48.55	-0.046162805315581715
48.650000000000006	-0.03929618259403671
48.75	-0.03250150747305659
48.85	-0.025786003779199877
48.95	-0.01915669883940635
49.05	-0.012620416742502454
49.150000000000006	-0.006183771952563498
49.25	0.0001468367233847746
49.35	0.006365231804686234
49.45	0.012465462439726285
49.55	0.018441809340547986
49.650000000000006	0.024288789346590275
49.75	0.03000115961239559
49.85	0.03557392142050174
49.95	0.04100232361649182
50.05	0.0462818656659796
50.150000000000006	0.051408300335762915
50.25	0.056377635996008015
50.35	0.06118613854754097
50.45	0.06583033297317233
50.55	0.07030700451851442
50.650000000000006	0.07461319950265222
50.75	0.07874622576185818
50.85	0.0827036527315455
50.95	0.08648331116946775
51.05	0.0900832925252368
51.150000000000006	0.09350194796113437
51.25	0.09673788703058323
51.35	0.09978997601923383
51.45	0.10265733595544205
51.55	0.10533934029799309
51.650000000000006	0.1078356123066239
51.75	0.11014602210519153
51.85	0.1122706834434271
51.95	0.11420995016606973
52.05	0.11596441240024426
52.150000000000006	0.11753489246638318
52.25	0.11892244052507037
52.35	0.12012832996856582
52.45	0.1211540525652872
52.55	0.12200131336958459
52.650000000000006	0.1226720254061954
52.75	0.12316830413897775
52.85	0.12349246173594393
52.95	0.12364700114058044
53.05	0.12363460996105216
53.150000000000006	0.12345815418770972
53.25	0.12312067175067383
53.35	0.12262536592835716
53.45	0.12197559861888872
53.55	0.12117488348518254
53.650000000000006	0.12022687898561732
53.75	0.11913538130142332
53.85	0.11790431717294887
53.95	0.1165377366549018
54.05	0.1150398058038667
54.150000000000006	0.11341479930787036
54.25	0.11166709306922837
54.35	0.10980115675456124
54.45	0.10782154631877713
54.55	0.10573289651740554
54.650000000000006	0.1035399134174502
54.75	0.10124736691611838
54.85	0.09886008327940059
54.95	0.09638293771032587
55.05	0.0938208469575157
55.150000000000006	0.09117876197319051
55.25	0.08846166063094828
55.35	0.08567454051291827
55.45	0.08282241177546276
55.55	0.07991029010333653
55.650000000000006	0.07694318975856339
55.75	0.07392611673565806
55.85	0.07086406203019033
55.95	0.0677619950271951
56.05	0.06462485702038497
56.150000000000006	0.06145755486657897
56.25	0.05826495478368785
56.35	0.0550518762990926
56.45	0.05182308635453419
56.55	0.0485832935738918
56.650000000000006	0.045337142699171495
56.75	0.042089209201052705
56.85	0.03884399406820477
56.95	0.03560591878124689
57.05	0.03237932047383161
57.150000000000006	0.02916844728697909
57.25	0.025977453920768546
57.35	0.02281039738412096
57.45	0.019671232947425267
57.55	0.016563810302518998
57.650000000000006	0.01349186992880872
57.75	0.010459039669238166
57.85	0.007468831520124372
57.95	0.004524638631579634
58.05	0.001629732523662792
58.150000000000006	-0.0012127394831377219
58.25	-0.003999756622621712
58.35	-0.006728426820714618
58.45	-0.009395988620379306
58.55	-0.01199981289053907
58.650000000000006	-0.014537404320704746
58.75	-0.017006402705600072
58.85	-0.019404584016942037
58.95	-0.02172986126468696
59.05	-0.023980285153948518
59.150000000000006	-0.02615404453512616
59.25	-0.028249466651262455
59.35	-0.030265017186755363
59.45	-0.03219930011906574
59.55	-0.03405105737732987
59.650000000000006	-0.0358191683104093
59.75	-0.037502648970232734
59.85	-0.03910065121201563
59.95	-0.04061246161712684
60.05	-0.042037500242502836
60.150000000000006	-0.0433753192008314
60.25	-0.04462560107663939
60.35	-0.045788157183027214
60.45	-0.04686292566436772
60.55	-0.047849969449230624
60.650000000000006	-0.04874947406034992
60.75	-0.04956174528586436
60.85	-0.05028720671766049
60.95	-0.05092639716276834
61.05	-0.05147996793372872
61.150000000000006	-0.05194868002309917
61.25	-0.052333401168495726
61.35	-0.0526351028144624
61.45	-0.052854856976241094
61.55	-0.0529938330126541
61.650000000000006	-0.05305329431348703
61.75	-0.05303459490773768
61.85	-0.05293917599907439
61.95	-0.05276856243434248
62.05	-0.05252435911158187
62.150000000000006	-0.05220824733358064
62.25	-0.05182198111316266
62.35	-0.05136738343626835
62.45	-0.05084634248894414
62.55	-0.05026080785424836
62.650000000000006	-0.049612786685148194
62.75	-0.04890433985911183
62.85	-0.04813757812030973
62.95	-0.0473146582154924
63.05	-0.046437779028857186
63.150000000000006	-0.04550917772136272
63.25	-0.044531125880598016
63.35	-0.04350592568600139
63.45	-0.042435906094962644
63.55	-0.04132341905504411
63.650000000000006	-0.040170835746971285
63.75	-0.03898054286384394
63.85	-0.037754938930811145
63.95	-0.036496430670344866
64.05	-0.035207429417087044
64.15	-0.03389034758720798
64.25	-0.032547595205747695
64.35	-0.031181576496401187
64.45	-0.02979468653817444
64.55	-0.028389307991356975
64.65	-0.026967807897431546
64.75	-0.025532534555671997
64.85	-0.02408581448003362
64.95	-0.022629949439674137
65.05	-0.02116721358511736
65.15	-0.019699850662860473
65.25	-0.01823007132248112
65.35	-0.016760050516101882
65.45	-0.015291924994714563
65.55	-0.013827790902130249
65.65	-0.012369701467858278
65.75	-0.010919664802766547
65.85	-0.009479641796369478
65.95	-0.008051544118597096
66.05	-0.0066372323268830595
66.15	-0.005238514079443245
66.25	-0.003857142455593622
66.35	-0.0024948143834237326
66.45	-0.0011531691754371833
66.55	0.00016621282681916516
66.65	0.0014618115002244002
66.75	0.0027321680796098357
66.85	0.003975886187882006
66.95	0.0051916327593475595
67.05	0.0063781388554035095
67.15	0.007534200372939357
67.25	0.008658678647985203
67.35	0.009750500953508164
67.45	0.010808660893386909
67.55	0.01183221869419433
67.65	0.012820301395467226
67.75	0.013772102939704434
67.85	0.014686884164365633
67.95	0.01556397269755594
68.05	0.0164027627582277
68.15	0.017202714864395056
68.25	0.017963355449782812
68.35	0.01868427639166727
68.45	0.019365134452945604
68.55	0.02000565063939342
68.65	0.020605609475230952
68.75	0.02116485819919083
68.85	0.02168330588400639
68.95	0.02216092248144804
69.05	0.02259773779573279
69.15	0.02299384038831228
69.25	0.023349376416442556
69.35	0.023664548408504196
69.45	0.023939613978881807
69.55	0.02417488448565808
69.65	0.02437072363343455
69.75	0.024527546024753884
69.85	0.024645815663154363
69.95	0.024726044410364006
70.05	0.024768790401077993
70.15	0.024774656418451786
70.25	0.02474428823305251
70.35	0.02467837290828979
70.45	0.02457763707570799
70.55	0.024442845183006583
70.65	0.024274797717461945
70.75	0.02407432940844123
70.85	0.02384230741147924
70.95	0.023579629476903848
71.05	0.02328722210619311
71.15	0.02296603869876012
71.25	0.022617057692130023
71.35	0.02224128069827197
71.45	0.02183973063880992
71.55	0.02141344988199986
71.65	0.020963498383993383
71.75	0.020490951837155977
71.85	0.019996899827963776
71.95	0.019482444006754685
72.05	0.01894869627231079
72.15	0.01839677697318935
72.25	0.017827813128302422
72.35	0.017242936669033516
72.45	0.016643282704894322
72.55	0.016029987815189484
72.65	0.01540418836834803
72.75	0.014767018871018275
72.85	0.014119610349106833
72.95	0.013463088761837558
73.05	0.012798573451280656
73.15	0.012127175628908336
73.25	0.011449996900061607
73.35	0.010768127828822995
73.45	0.010082646543737693
73.55	0.00939461738633838
73.65	0.008705089603511407
73.75	0.008015096084687706
73.85	0.007325652145063306
73.95	0.006637754355714465
74.05	0.005952379422003246
74.15	0.005270483109780201
74.25	0.004592999221750458
74.35	0.003920838623614619
74.45	0.0032548883204360627
74.55	0.0025960105843470063
74.65	0.0019450421334901431
74.75	0.001302793362567455
74.85	0.0006700476254462142
74.95	4.756056977408521e-5
75.05	-0.000563940476600534
75.15	-0.0011637570667686237
75.25	-0.0017512201442938821
75.35	-0.002325690500539413
75.45	-0.0028865591806811973
75.55	-0.003433247838744677
75.65	-0.003965209040999532
75.75	-0.004481926519745466
75.85	-0.004982915376824468
75.95	-0.00546772223763044
76.05	-0.005935925356887297
76.15	-0.006387134676081088
76.25	-0.006820991833809987
76.35	-0.007237170129613272
76.45	-0.007635374442473706
76.55	-0.008015341104528251
76.65	-0.008376837731081008
76.75	-0.008719663008040607
76.85	-0.009043646437767302
76.95	-0.00934864804454447
77.05	-0.009634558040428511
77.15	-0.009901296453230336
77.25	-0.010148812717345721
77.35	-0.01037708522893576
77.45	-0.01058612086677796
77.55	-0.010775954479758265
77.65	-0.010946648342849518
77.75	-0.01109829158239041
77.85	-0.011230999572481491
77.95	-0.01134491330360949
78.05	-0.011440198724984493
78.15	-0.01151704606213622
78.25	-0.011575669110931382
78.35	-0.011616304509829386
78.45	-0.011639210991385799
78.55	-0.011644668614800019
78.65	-0.011632977980933988
78.75	-0.011604459430962588
78.85	-0.011559452230470904
78.95	-0.011498313740264726
79.05	-0.011421418575360496
79.15	-0.011329157753570837
79.25	-0.011221937835150433
79.35	-0.011100180054955203
79.45	-0.010964319448402867
79.55	-0.010814803972710186
79.65	-0.010652093624699188
79.75	-0.010476659556639421
79.85	-0.010288983191294699
79.95	-0.010089555337649157
80.05	-0.009878875308453194
80.15	-0.009657450040827928
80.25	-0.009425793221410282
80.35	-0.009184424416907058
80.45	-0.008933868211423873
80.55	-0.008674653351691285
80.65	-0.008407311901208265
80.75	-0.008132378404472852
80.85	-0.007850389062448747
80.95	-0.007561880919954788
81.05	-0.007267391066109411
81.15	-0.006967455849071346
81.25	-0.006662610105444794
81.35	-0.006353386405567614
81.45	-0.006040314315427642
81.55	-0.005723919675962021
81.65	-0.005404723900402243
81.75	-0.0050832432906449355
81.85	-0.004759988373082789
81.95	-0.004435463254410668
82.05	-0.004110164998398899
82.15	-0.0037845830238657677
82.25	-0.003459198524318742
82.35	-0.003134483909993149
82.45	-0.002810902272486135
82.55	-0.0024889068724182756
82.65	-0.0021689406505629714
82.75	-0.001851435762610059
82.85	-0.0015368131378723994
82.95	-0.0012254820622680164
83.05	-0.0009178397855941285
83.15	-0.0006142711532864724
83.25	-0.00031514826284287714
83.35	-2.083014497137672e-5
83.45	0.00026833753067528784
83.55	0.0005520227249700667
83.65	0.0008299072740444243
83.75	0.0011016871096028171
83.85	0.001367072454580678
83.95	0.0016257879946547037
84.05	0.0018775730254182632
84.15	0.0021221815756700584
84.25	0.0023593825070948727
84.35	0.002588959590378689
84.45	0.0028107115582015852
84.55	0.0030244521355618278
84.65	0.0032300100475554767
84.75	0.003427229005038776
84.85	0.003615967668806208
84.95	0.003796099592405417
85.05	0.003967513144250887
85.15	0.004130111409491536
85.25	0.004283812072028358
85.35	0.004428547277340967
85.45	0.004564263476568126
85.55	0.004690921252414113
85.65	0.004808495127471986
85.75	0.004916973355628601
85.85	0.005016357696971244
85.95	0.005106663176933524
86.05	0.0051879178304381915
86.15	0.005260162431346883
86.25	0.005323450208143822
86.35	0.005377846546497534
86.45	0.005423428679169076
86.55	0.005460285364148729
86.65	0.005488516551608822
86.75	0.005508233040386571
86.85	0.005519556124619246
86.95	0.0055226172313043
87.05	0.005517557549422011
87.15	0.005504527651363381
87.25	0.005483687107286555
87.35	0.00545520409309257
87.45	0.005419254992804008
87.55	0.005376023995904228
87.65	0.005325702690394444
87.75	0.005268489652180972
87.85	0.005204590031510402
87.95	0.005134215137109467
88.05	0.005057582018599599
88.15	0.0049749130479367085
88.25	0.004886435500396241
88.35	0.004792381135839987
88.45	0.0046929857807781385
88.55	0.004588488911823158
88.65	0.004479133241247795
88.75	0.004365164305023372
88.85	0.004246830054036845
88.95	0.004124380449002515
89.05	0.003998067059525942
89.15	0.003868142667964498
89.25	0.003734860878427794
89.35	0.003598475731488417
89.45	0.003459241325080105
89.55	0.003317411441982443
89.65	0.003173239184311049
89.75	0.0030269766154755124
89.85	0.002878874409960725
89.95	0.002729181511336186
90.05	0.002578144798769101
90.15	0.0024260087624767643
90.25	0.002273015188430184
90.35	0.0021194028524820006
90.45	0.001965407224386733
90.55	0.0018112601817973418
90.65	0.00165718973458236
90.75	0.0015034197596850575
90.85	0.0013501697466575275
90.95	0.0011976545541169394
91.05	0.0010460841773001865
91.15	0.0008956635267785918
91.25	0.0007465922184900566
91.35	0.0005990643752953474
91.45	0.0004532684400092042
91.55	0.00030938700002661315
91.65	0.0001675966236520153
91.75	2.806770806364552e-5
91.85	-0.00010903566101594912
91.95	-0.00024355583790005499
92.05	-0.0003753417338666267
92.15	-0.000504248922451302
92.25	-0.0006301397331284911
92.35	-0.0007528833334649275
92.45	-0.0008723557998021403
92.55	-0.0009884401766136316
92.65	-0.0011010265246634704
92.75	-0.0012100119579868706
92.85	-0.0013153006699507528
92.95	-0.0014168039484799097
93.05	-0.001514440180673957
93.15	-0.0016081348469339535
93.25	-0.0016978205048307795
93.35	-0.0017834367629025385
93.45	-0.001864930244629836
93.55	-0.001942254542777737
93.65	-0.0020153701643154127
93.75	-0.002084244466241089
93.85	-0.0021488515825455754
93.95	-0.0022091723424777984
94.05	-0.002265194180516147
94.15	-0.002316911038287657
94.25	-0.0023643232586362663
94.35	-0.0024074374722552034
94.45	-0.0024462664771166547
94.55	-0.002480829110973358
94.65	-0.0025111501173206052
94.75	-0.002537260005084541
94.85	-0.0025591949023126624
94.95	-0.002576996404273742
95.05	-0.0025907114162306306
95.15	-0.0026003919911971327
95.25	-0.002606095163062945
95.35	-0.0026078827753656573
95.45	-0.002605821306035328
95.55	-0.0025999816884771714
95.65	-0.0025904391292773834
95.75	-0.0025772729228880314
95.85	-0.0025605662635856856
95.95	-0.002540406055070588
96.05	-0.0025168827179638687
96.15	-0.002490089995587768
96.25	-0.002460124758306749
96.35	-0.0024270868067249735
96.45	-0.0023910786740982443
96.55	-0.0023522054282187795
96.65	-0.0023105744730911888
96.75	-0.002266295350689998
96.85	-0.0022194795430836877
96.95	-0.002170240275213866
97.05	-0.0021186923186117695
97.15	-0.002064951796299244
97.25	-0.002009135989159733
97.35	-0.001951363144050971
97.45	-0.0018917522838425545
97.55	-0.001830423019717017
97.65	-0.001767495365905027
97.75	-0.001703089557070765
97.85	-0.0016373258686367004
97.95	-0.0015703244401941542
98.05	-0.001502205102229
98.15	-0.00143308720636411
98.25	-0.0013630894592805314
98.35	-0.001292329760522232
98.45	-0.001220925044334165
98.55	-0.0011489911256997794
98.65	-0.0010766425507563722
98.75	-0.0010039924516564522
98.85	-0.0009311524060880137
98.95	-0.0008582323015494692
99.05	-0.0007853402044581706
99.15	-0.0007125822342693848
99.25	-0.0006400624426324651
99.35	-0.0005678826977014642
99.45	-0.0004961425737179602
99.55	-0.0004249392458372791
99.65	-0.00035436739034922486
99.75	-0.00028451909033029175
99.85	-0.00021548374670358436
99.95	-0.00014734799483913198
100.05	-8.0195626627807e-5
100.15	-1.4107518097816858e-5
100.25	5.083843739139958e-5
100.35	0.00011456739047918718
100.45	0.00017700759155358083
100.55	0.00023809044100239773
100.65	0.0002977505339589642
100.75	0.00035592569961993945
100.85	0.0004125570351144056
100.95	0.0004675889340003336
101.05	0.0005209691094262629
101.15	0.0005726486120648847
101.25	0.0006225818428237091
101.35	0.0006707265604490866
101.45	0.0007170438840559187
101.55	0.0007614982907259363
101.65	0.0008040576082525867
101.75	0.0008446930030732952
101.85	0.0008833789635539237
101.95	0.0009200932787216967
102.05	0.0009548170125219181
102.15	0.0009875344737629232
102.25	0.0010182331818396153
102.35	0.001046903828349302
102.45	0.0010735402347738345
102.55	0.001098139306313755
102.65	0.0011207009820251297
102.75	0.0011412281814173594
102.85	0.0011597267476209188
102.95	0.0011762053872725563
103.05	0.0011906756073056946
103.15	0.0012031516487247004
103.25	0.0012136504175635171
103.35	0.0012221914131831592
103.45	0.0012287966540169561
103.55	0.0012334906009382602
103.65	0.0012363000784356897
103.75	0.0012372541936977956
103.85	0.0012363842537963818
103.95	0.0012337236811156597
104.05	0.0012293079271691037
104.15	0.0012231743849867632
104.25	0.0012153623001886845
104.35	0.00120591268092724
104.45	0.001194868206845885
104.55	0.0011822731371927315
104.65	0.0011681732182366358
104.75	0.0011526155901594897
104.85	0.0011356486935434366
104.95	0.0011173221755962656
105.05	0.0010976867962838124
105.15	0.0010767943344779395
105.25	0.0010546974942709563
105.35	0.0010314498115990187
105.45	0.0010071055612784487
105.55	0.0009817196646227605
105.65	0.000955347597723242
105.75	0.0009280453005409873
105.85	0.0008998690869436921
105.95	0.0008708755557443393
106.05	0.000841121502925325
106.15	0.0008106638351128781
106.25	0.00077955948440186
106.35	0.0007478653246651655
106.45	0.0007156380894070868
106.55	0.0006829342912857859
106.65	0.0006498101433674961
106.75	0.0006163214822091405
106.85	0.0005825236928605304
106.95	0.0005484716358075929
107.05	0.00051421957603977
107.15	0.0004798211141847191
107.25	0.0004453291198242253
107.35	0.0004107956671101939
107.45	0.0003762719726228701
107.55	0.00034180833560930535
107.65	0.00030745408060930604
107.75	0.0002732575025037915
107.85	0.00023926581406662518
107.95	0.00020552509600465162
108.05	0.00017208024954244204
108.14999999999999	0.00013897495154612855
108.25	0.0001062516122583216
108.35	7.395133562767131e-5
108.45	4.211388222322817e-5
108.55	1.0777634788955952e-5
108.64999999999999	-2.002043358746608e-5
108.75	-5.0244788677965636e-5
108.85	-7.986136170411439e-5
108.95	-0.00010883757331449142
109.05	-0.00013714235495919388
109.14999999999999	-0.00016474616767755994
109.25	-0.0001916210183245534
109.35	-0.00021774047323545333
109.45	-0.0002430796693906298
109.55	-0.00026761532306763283
109.64999999999999	-0.0002913257360451119
109.75	-0.00031419079936859654
109.85	-0.0003361919947313411
109.95	-0.000357312393502818
110.05	-0.00037753665345387373
110.14999999999999	-0.00039685101321208354
110.25	-0.0004152432845168175
110.35	-0.00043270284228934307
110.45	-0.0004492206126163417
110.55	-0.0004647890586570088
110.64999999999999	-0.00047940216456520036
110.75	-0.0004930554174620623
110.85	-0.0005057457875337816
110.95	-0.0005174717063065085
111.05	-0.0005282330431808249
111.14999999999999	-0.0005380310802538464
111.25	-0.0005468684855401168
111.35	-0.0005547492846337817
111.45	-0.0005616788308815259
111.55	-0.0005676637741390611
111.64999999999999	-0.0005727120281846464
111.75	-0.000576832736863838
111.85	-0.0005800362390227038
111.95	-0.000582334032321906
112.05	-0.0005837387359887263
112.14999999999999	-0.0005842640525861695
112.25	-0.0005839247288735929
112.35	-0.0005827365158333213
112.45	-0.0005807161279196687
112.55	-0.0005778812016416917
112.64999999999999	-0.0005742502535098684
112.75	-0.0005698426374406215
112.85	-0.000564678501691809
112.95	-0.0005587787453936927
113.05	-0.0005521649747440355
113.14999999999999	-0.0005448594589546743
113.25	-0.0005368850859922773
113.35	-0.0005282653181928783
113.45	-0.0005190241478384099
113.55	-0.0005091860527192765
113.64999999999999	-0.0004987759517859388
113.75	-0.0004878191609339394
113.85	-0.0004763413489746878
113.95	-0.0004643684938880228
114.05	-0.00045192683938400665
114.14999999999999	-0.00043904285183919565
114.25	-0.0004257431776702685
114.35	-0.00041205460119408304
114.45	-0.00039800400303660084
114.55	-0.0003836183191273157
114.64999999999999	-0.0003689245003215448
114.75	-0.0003539494727552202
114.85	-0.0003387200988889877
114.95	-0.0003232631393538887
115.05	-0.0003076052156268792
115.14999999999999	-0.0002917727735400873
115.25	-0.0002757920477290426
115.35	-0.0002596890269762198
115.45	-0.00024348942055602972
115.55	-0.00022721862556844086
115.64999999999999	-0.00021090169530233656
115.75	-0.00019456330866901204
115.85	-0.00017822774071794888
115.95	-0.00016191883426038846
116.05	-0.00014565997262485907
116.14999999999999	-0.00012947405357113665
116.25	-0.00011338346437639143
116.35	-9.741005808468985e-5
116.45	-8.15751309953692e-5
116.55	-6.58994013183143e-5
116.64999999999999	-5.0402989089747384e-5
116.75	-3.51053972923736e-5
116.85	-2.0025494221241706e-5
116.95	-5.181497081709868e-6
117.05	9.409043163784478e-6
117.14999999999999	2.3729255708748785e-5
117.25	3.776296257992403e-5
117.35	5.1494690079655134e-5
117.45	6.49096789885934e-5
117.55	7.799389354497615e-5
117.64999999999999	9.073402921731654e-5
117.75	0.00010311751925967246
117.85	0.00011513254008015354
117.95	0.00012676801542224164
118.05	0.00013801361938388558
118.14999999999999	0.00014885977828331412
118.25	0.00015929767139603006
118.35	0.00016931923056818127
118.45	0.0001789171387506809
118.55	0.00018808482744687465
118.64999999999999	0.00019681647312377138
118.75	0.00020510699258626615
118.85	0.00021295203735055977
118.95	0.00022034798705458121
119.05	0.00022729194191300787
119.14999999999999	0.00023378171423495153
119.25	0.00023981581908316947
119.35	0.0002453934640453288
119.45	0.0002505145381780186
119.55	0.00025517960015611287
119.64999999999999	0.0002593898656461556
119.75	0.0002631471939390795
119.85	0.0002664540738883243
119.95	0.00026931360916268533
120.05	0.00027172950286511176
120.14999999999999	0.00027370604155531585
120.25	0.00027524807868447334
120.35	0.0002763610175029504
120.45	0.0002770507934670996
120.55	0.00027732385616956537
120.64999999999999	0.00027718715084668126
120.75	0.0002766480994815923
120.85	0.00027571458153747154
120.95	0.00027439491437764653
121.05	0.00027269783337524183
121.14999999999999	0.00027063247177054286
121.25	0.00026820834029561626
121.35	0.0002654353066197164
121.45	0.00026232357461410734
121.55	0.00025888366350913274
121.64999999999999	0.0002551263869491557
121.75	0.00025106283198692865
121.85	0.0002467043380545804
121.95	0.000242062475926378
122.05	0.0002371490267227477
122.14999999999999	0.00023197596096881628
122.25	0.00022655541776051585
122.35	0.00022089968402644593
122.45	0.00021502117396893935
122.55	0.0002089324086544456
122.64999999999999	0.00020264599583184103
122.75	0.00019617460995346726
122.85	0.00018953097247759323
122.95	0.00018272783242911648
123.05	0.00017577794727754477
123.14999999999999	0.00016869406412834653
123.25	0.00016148890126567998
123.35	0.00015417513006709394
123.45	0.00014676535729707496
123.55	0.00013927210781321272
123.64999999999999	0.0001317078077005195
123.75	0.0001240847678322719
123.85	0.00011641516791024588
123.95	0.00010871104096181238
124.05	0.0001009842583339087
124.14999999999999	9.324651518194647e-5
124.25	8.550931647649068e-5
124.35	7.77839635338952e-5
124.45	7.008154108297706e-5
124.55	6.241290487273388e-5
124.64999999999999	5.478866983818727e-5
124.75	4.721919882547304e-5
124.85	3.971459187759019e-5
124.95	3.228467610987588e-5
125.05	2.493899614573879e-5
125.14999999999999	1.7686805141384505e-5
125.25	1.0537056396386556e-5
125.35	3.498395552913303e-6
125.45	-3.420846627384594e-6
125.55	-1.0212660890902142e-5
125.64999999999999	-1.6869365533519256e-5
125.75	-2.3383611856936298e-5
125.85	-2.9748389043782958e-5
125.95	-3.595702844976048e-5
126.05	-4.2003207322841374e-5
126.14999999999999	-4.788095194684585e-5
126.25	-5.358464022619604e-5
126.35	-5.9109003701202925e-5
126.45	-6.444912902060803e-5
126.55	-6.96004588593319e-5
126.64999999999999	-7.455879231139655e-5
126.75	-7.932028473940364e-5
126.85	-8.388144712164778e-5
126.95	-8.823914488003918e-5
127.05	-9.239059621129483e-5
127.14999999999999	-9.633336993560906e-5
127.25	-0.0001000653828741241
127.35	-0.00010358489674775795
127.45	-0.00010689051464749873
127.55	-0.00010998117705008753
127.64999999999999	-0.00011285615742337238
127.75	-0.00011551505741394574
127.85	-0.00011795780164317447
127.95	-0.00012018463211826503
128.05	-0.00012219610229245565
128.14999999999998	-0.00012399307075021778
128.25	-0.0001255766945823454
128.35	-0.0001269484224231282
128.45	-0.00012810998719277905
128.55	-0.00012906339855571586
128.64999999999998	-0.0001298109350943654
128.75	-0.00013035513623921652
128.85	-0.0001306987939527206
128.95	-0.00013084494419849163
129.05	-0.00013079685819498936
129.14999999999998	-0.0001305580334874419
129.25	-0.0001301321848383965
129.35	-0.00012952323497077484
129.45	-0.00012873530515779548
129.55	-0.00012777270570034683
129.64999999999998	-0.00012663992628934905
129.75	-0.00012534162628148187
129.85	-0.0001238826248864801
129.95	-0.0001222678913050349
130.05	-0.00012050253482165873
130.14999999999998	-0.00011859179485949832
130.25	-0.00011654103102173421
130.35	-0.0001143557131391547
130.45	-0.00011204141132857829
130.55	-0.00010960378607560824
130.64999999999998	-0.00010704857837014202
130.75	-0.00010438159988311576
130.85	-0.0001016087232326439
130.95	-9.873587231222517e-5
131.05	-9.576901273208875e-5
131.14999999999998	-9.27141423527705e-5
131.25	-8.957728195707958e-5
131.35	-8.636446602999978e-5
131.45	-8.308173369976953e-5
131.55	-7.973511982375023e-5
131.64999999999998	-7.633064624071289e-5
131.75	-7.287431319257872e-5
131.85	-6.937209093300105e-5
131.95	-6.582991152629109e-5
132.05	-6.225366084443236e-5
132.14999999999998	-5.8649170778422356e-5
132.25	-5.502221166031933e-5
132.35	-5.137848491407521e-5
132.45	-4.7723615927364826e-5
132.55	-4.4063147173625766e-5
132.64999999999998	-4.0402531568143564e-5
132.75	-3.674712606644995e-5
132.85	-3.310218553495985e-5
132.95	-2.9472856860040636e-5
133.05	-2.5864173331227472e-5
133.14999999999998	-2.2281049273669708e-5
133.25	-1.8728274973677665e-5
133.35	-1.5210511853188762e-5
133.45	-1.1732287927041478e-5
133.55	-8.297993537907208e-6
133.64999999999998	-4.911877359438063e-6
133.75	-1.5780426858705749e-6
133.85	1.6995560066917742e-6
133.95	4.917116218322363e-6
134.05	8.07099030439528e-6
134.14999999999998	1.1157688076907246e-5
134.25	1.4173879136346127e-5
134.35	1.711639492169143e-5
134.45	1.998223048566656e-5
134.55	2.2768546008784575e-5
134.64999999999998	2.5472668038609e-5
134.75	2.8092090462759115e-5
134.85	3.0624475225663065e-5
134.95	3.306765278251082e-5
135.05	3.541962230058881e-5
135.14999999999998	3.767855160690949e-5
135.25	3.9842776899750304e-5
135.35	4.1910802204774414e-5
135.45	4.388129860874161e-5
135.55	4.575310325222433e-5
135.64999999999998	4.752521810694768e-5
135.75	4.9196808521939634e-5
135.85	5.076720156782656e-5
135.95	5.223588416712095e-5
136.05	5.360250103004176e-5
136.14999999999998	5.486685238190225e-5
136.25	5.602889152041675e-5
136.35	5.708872218307421e-5
136.45	5.804659574193298e-5
136.55	5.890290823327206e-5
136.64999999999998	5.9658197224077466e-5
136.75	6.031313853521023e-5
136.85	6.0868542812799585e-5
136.95	6.132535196293517e-5
137.05	6.168463546782565e-5
137.14999999999998	6.194758655995757e-5
137.25	6.211551830243049e-5
137.35	6.218985955613276e-5
137.45	6.217215085028135e-5
137.55	6.206404014965596e-5
137.64999999999998	6.186727856205799e-5
137.75	6.158371595668253e-5
137.85	6.121529650839763e-5
137.95	6.076405420397858e-5
138.05	6.023210827960743e-5
138.14999999999998	5.962165861448222e-5
138.25	5.8934981098264826e-5
138.35	5.817442295626144e-5
138.45	5.734239806547742e-5
138.55	5.6441382245177924e-5
138.64999999999998	5.5473908546294604e-5
138.75	5.444256253652364e-5
138.85	5.334997759473602e-5
138.95	5.219883021865659e-5
139.05	5.099183534480887e-5
139.14999999999998	4.9731741709516825e-5
139.25	4.84213272257535e-5
139.35	4.706339440921202e-5
139.45	4.5660765848478025e-5
139.55	4.421627972113514e-5
139.64999999999998	4.273278536851872e-5
139.75	4.1213138932251215e-5
139.85	3.966019906047672e-5
139.95	3.807682268231375e-5
140.05	3.6465860858379594e-5
140.14999999999998	3.4830154718657384e-5
140.25	3.317253147948743e-5
140.35	3.149580055424758e-5
140.45	2.9802749765288815e-5
140.55	2.809614164296153e-5
140.64999999999998	2.6378709835148692e-5
140.75	2.465315561517737e-5
140.85	2.2922144504103096e-5
140.95	2.118830300619845e-5
141.05	1.9454215453089245e-5
141.14999999999998	1.772242097097212e-5
141.25	1.5995410560659748e-5
141.35	1.4275624310865017e-5
141.45	1.2565448719954108e-5
141.55	1.0867214156090239e-5
141.64999999999998	9.183192439579417e-6
141.75	7.515594548389197e-6
141.85	5.866568464767343e-6
141.95	4.238197140158199e-6
142.05	2.6324965974334145e-6
142.14999999999998	1.051414165850783e-6
142.25	-5.031731601088076e-7
142.35	-2.0294602211279734e-6
142.45	-3.5257150670348513e-6
142.55	-4.990280201596577e-6
142.64999999999998	-6.42157368601617e-6
142.75	-7.818090127614262e-6
142.85	-9.178401528623277e-6
142.95	-1.0501158005291253e-5
143.05	-1.1785088391141526e-5
143.14999999999998	-1.3029000705409442e-5
143.25	-1.4231782494739597e-5
143.35	-1.5392401061777692e-5
143.45	-1.6509903572635944e-5
143.55	-1.758341703648419e-5
143.64999999999998	-1.8612148172149213e-5
143.75	-1.9595383171149962e-5
143.85	-2.0532487332580722e-5
143.95	-2.142290459771182e-5
144.05	-2.2266156977079396e-5
144.14999999999998	-2.3061843874889748e-5
144.25	-2.3809641306692875e-5
144.35	-2.450930102311343e-5
144.45	-2.5160649539495855e-5
144.55	-2.576358706780216e-5
144.64999999999998	-2.631808636740715e-5
144.75	-2.6824191498711863e-5
144.85	-2.7282016507929417e-5
144.95	-2.7691744025148925e-5
145.05	-2.8053623785284755e-5
145.14999999999998	-2.8367971081217162e-5
145.25	-2.8635165144959644e-5
145.35	-2.885564747124278e-5
145.45	-2.9029920066055234e-5
145.55	-2.915854365239813e-5
145.64999999999998	-2.9242135808984012e-5
145.75	-2.9281369069608997e-5
145.85	-2.927696896958965e-5
145.95	-2.9229712046300845e-5
146.05	-2.9140423810346506e-5
146.14999999999998	-2.900997667071635e-5
146.25	-2.8839287832623143e-5
146.35	-2.862931716944358e-5
146.45	-2.8381065062379893e-5
146.55	-2.8095570225388092e-5
146.64999999999998	-2.7773907509137665e-5
146.75	-2.7417185696141307e-5
146.85	-2.7026545277646174e-5
146.95	-2.6603156225833203e-5
147.05	-2.614821576643862e-5
147.14999999999998	-2.5662946144759317e-5
147.25	-2.5148592396967713e-5
147.35	-2.4606420132808102e-5
147.45	-2.4037713313562277e-5
147.55	-2.344377206172179e-5
147.64999999999998	-2.2825910461895376e-5
147.75	-2.2185454405536377e-5
147.85	-2.1523739437251792e-5
147.95	-2.0842108630236454e-5
148.05	-2.014191049717917e-5
148.14999999999998	-1.9424496915147687e-5
148.25	-1.869122109080603e-5
148.35000000000002	-1.7943435561263022e-5
148.45	-1.7182490225472215e-5
148.55	-1.6409730418750126e-5
148.64999999999998	-1.5626495023101482e-5
148.75	-1.4834114628002412e-5
148.85000000000002	-1.4033909725536141e-5
148.95	-1.3227188961068837e-5
149.05	-1.2415247426662308e-5
149.14999999999998	-1.159936501102394e-5
149.25	-1.0780804789179062e-5
149.35000000000002	-9.96081147516981e-6
149.45	-9.140609927526674e-6
149.55	-8.321403705334882e-6
149.64999999999998	-7.504373687802273e-6
149.75	-6.690676741559271e-6
149.85000000000002	-5.88144445893478e-6
149.95	-5.077781943338813e-6
150.05	-4.280766665322676e-6
150.14999999999998	-3.491447369391064e-6
150.25	-2.710843050184579e-6
150.35000000000002	-1.9399419925627637e-6
150.45	-1.1797008539817742e-6
150.55	-4.310438354605585e-7
150.64999999999998	3.051381007375324e-7
150.75	1.027987951853458e-6
150.85000000000002	1.7366833233115317e-6
150.95	2.4304370227030012e-6
151.05	3.1084975925724343e-6
151.14999999999998	3.7701497766588017e-6
151.25	4.4147149254600804e-6
151.35000000000002	5.041551349711967e-6
151.45	5.6500545986187256e-6
151.55	6.239657694148288e-6
151.64999999999998	6.809831293683961e-6
151.75	7.360083804844165e-6
151.85000000000002	7.889961435727313e-6
151.95	8.399048193219157e-6
152.05	8.886965825468575e-6
152.14999999999998	9.353373705755787e-6
152.25	9.797968671639669e-6
152.35000000000002	1.0220484805492118e-5
152.45	1.062069316443885e-5
152.55	1.0998401470193023e-5
152.64999999999998	1.1353453730090884e-5
152.75	1.1685729843970544e-5
152.85000000000002	1.1995145131085443e-5
152.95	1.2281649834989537e-5
153.05	1.2545228584933218e-5
153.14999999999998	1.278589980046135e-5
153.25	1.3003715085344588e-5
153.35000000000002	1.3198758544786702e-5
153.45	1.3371146115191596e-5
153.55	1.3521024806416605e-5
153.64999999999998	1.3648571963952558e-5
153.75	1.3753994454954648e-5
153.85000000000002	1.3837527859867187e-5
153.95	1.3899435608548527e-5
154.05	1.3940008114010371e-5
154.14999999999998	1.3959561868080724e-5
154.25	1.3958438516707627e-5
154.35000000000002	1.3937003921843592e-5
154.45	1.3895647194727294e-5
154.55	1.3834779720258276e-5
154.64999999999998	1.3754834155670621e-5
154.75	1.3656263435385684e-5
154.85000000000002	1.3539539740679087e-5
154.95	1.3405153472923261e-5
155.05	1.3253612215436183e-5
155.14999999999998	1.3085439688289246e-5
155.25	1.2901174696389701e-5
155.35000000000002	1.2701370078236382e-5
155.45	1.248659164879976e-5
155.55	1.2257417142006914e-5
155.64999999999998	1.2014435160856675e-5
155.75	1.175824411563078e-5
155.85000000000002	1.148945118507716e-5
155.95	1.1208671268820331e-5
156.05	1.0916525955113267e-5
156.14999999999998	1.0613642490030777e-5
156.25	1.0300652764319296e-5
156.35000000000002	9.97819230631236e-6
156.45	9.646899288026033e-6
156.55	9.307413541913577e-6
156.64999999999998	8.96037560368745e-6
156.75	8.606425758056168e-6
156.85000000000002	8.246203107717753e-6
156.95	7.88034465999954e-6
157.05	7.509484430599428e-6
157.14999999999998	7.134252573236699e-6
157.25	6.755274522755131e-6
157.35000000000002	6.373170165178611e-6
157.45	5.98855302665551e-6
157.55	5.6020294945174714e-6
157.64999999999998	5.214198049345082e-6
157.75	4.825648533770724e-6
157.85000000000002	4.436961439897236e-6
157.95	4.048707227880811e-6
158.05	3.661445667671508e-6
158.14999999999998	3.275725205403627e-6
158.25	2.892082368098632e-6
158.35000000000002	2.5110411812287526e-6
158.45	2.1331126320522196e-6
158.55	1.7587941425127185e-6
158.64999999999998	1.3885690859858662e-6
158.75	1.022906332780544e-6
158.85000000000002	6.622598121376851e-7
158.95	3.070681158443534e-7
159.05	-4.224587424353996e-8
159.14999999999998	-3.852753233615639e-7
159.25	-7.216297610456821e-7
159.35000000000002	-1.050935362319307e-6
159.45	-1.3728351987101194e-6
159.55	-1.686989461333283e-6
159.64999999999998	-1.9930756602518617e-6
159.75	-2.2907887881531767e-6
159.85000000000002	-2.5798414599947157e-6
159.95	-2.8599640157548984e-6
160.05	-3.130904610041684e-6
160.14999999999998	-3.3924292646487355e-6
160.25	-3.6443218930219056e-6
160.35000000000002	-3.886384300562912e-6
160.45	-4.118436164724791e-6
160.55	-4.3403149754306e-6
160.64999999999998	-4.551875962290113e-6
160.75	-4.752991996701111e-6
160.85000000000002	-4.943553462248443e-6
160.95	-5.1234681051883166e-6
161.05	-5.292660868882535e-6
161.14999999999998	-5.451073692505885e-6
161.25	-5.598665306469278e-6
161.35000000000002	-5.735410988185894e-6
161.45	-5.86130230786902e-6
161.55	-5.976346855031485e-6
161.64999999999998	-6.080567948001202e-6
161.75	-6.17400431495343e-6
161.85000000000002	-6.256709770796968e-6
161.95	-6.328752874583968e-6
162.05	-6.390216561351234e-6
162.14999999999998	-6.441197776020633e-6
162.25	-6.4818070787544116e-6
162.35000000000002	-6.512168243803952e-6
162.45	-6.532417850904186e-6
162.55	-6.542704853169453e-6
162.64999999999998	-6.543190143603954e-6
162.75	-6.534046108611799e-6
162.85000000000002	-6.515456174507472e-6
162.95	-6.487614347526435e-6
163.05	-6.450724733164594e-6
163.14999999999998	-6.4050010713522495e-6
163.25	-6.350666250663537e-6
163.35000000000002	-6.287951814503545e-6
163.45	-6.217097478544128e-6
163.55	-6.138350633602927e-6
163.64999999999998	-6.051965844487697e-6
163.75	-5.958204355657355e-6
163.85000000000002	-5.85733359203242e-6
163.95	-5.749626654140303e-6
164.05	-5.635361824142342e-6
164.14999999999998	-5.514822063282339e-6
164.25	-5.388294516426273e-6
164.35000000000002	-5.256070022233987e-6
164.45	-5.118442617945802e-6
164.55	-4.9757090553602965e-6
164.64999999999998	-4.828168319742543e-6
164.75	-4.676121150692974e-6
164.85000000000002	-4.519869573790074e-6
164.95	-4.35971643461058e-6
165.05	-4.195964942426215e-6
165.14999999999998	-4.028918220372453e-6
165.25	-3.858878863693994e-6
165.35000000000002	-3.68614850621574e-6
165.45	-3.5110273971508016e-6
165.55	-3.3338139854325352e-6
165.64999999999998	-3.154804514852891e-6
165.75	-2.9742926305234166e-6
165.85000000000002	-2.7925689972200615e-6
165.95	-2.6099209229292435e-6
166.05	-2.4266319984703007e-6
166.14999999999998	-2.2429817520175343e-6
166.25	-2.059245309243428e-6
166.35000000000002	-1.8756930681719072e-6
166.45	-1.6925903914682782e-6
166.55	-1.5101972988660002e-6
166.64999999999998	-1.3287681910655057e-6
166.75	-1.1485515670193262e-6
166.85000000000002	-9.697897727339854e-7
166.95	-7.927187533542206e-7
167.05	-6.175678171527579e-7
167.14999999999998	-4.4455942131999684e-7
167.25	-2.7390896635281765e-7
167.35000000000002	-1.0582460459436896e-7
167.45	5.949293514481639e-8
167.55	2.2185051085040423e-7
167.64999999999998	3.810627153890352e-7
167.75	5.369520118250625e-7
167.85000000000002	6.89348852363536e-7
167.95	8.380917889028957e-7
168.05	9.83027562580552e-7
168.14999999999998	1.124011186870839e-6
168.25	1.2609060106339183e-6
168.35000000000002	1.3935837742284159e-6
168.45	1.5219246440188291e-6
168.55	1.645817246711167e-6
168.64999999999998	1.7651586742264027e-6
168.75	1.8798544917864182e-6
168.85000000000002	1.989818722492363e-6
168.95	2.0949738243350047e-6
169.05	2.1952506602245617e-6
169.14999999999998	2.290588442161326e-6
169.25	2.3809346770628217e-6
169.35000000000002	2.4662451016000244e-6
169.45	2.5464835958861205e-6
169.55	2.6216220888768584e-6
169.64999999999998	2.6916404722057583e-6
169.75	2.756526473496442e-6
169.85000000000002	2.8162755443926254e-6
169.95	2.8708907286868393e-6
170.05	2.920382527619888e-6
170.14999999999998	2.9647687445126727e-6
170.25	3.0040743387043113e-6
170.35000000000002	3.038331260088672e-6
170.45	3.067578275605783e-6
170.55	3.0918607989629192e-6
170.64999999999998	3.1112307007941408e-6
170.75	3.1257461199398005e-6
170.85000000000002	3.1354712731121397e-6
170.95	3.1404762483170534e-6
171.05	3.14083679953584e-6
171.14999999999998	3.1366341395672245e-6
171.25	3.1279547196204043e-6
171.35000000000002	3.114890018015525e-6
171.45	3.0975363069567667e-6
171.55	3.0759944385620722e-6
171.64999999999998	3.0503696088738923e-6
171.75	3.02077112966257e-6
171.85000000000002	2.9873121995585624e-6
171.95	2.9501096639419014e-6
172.05	2.909283783012324e-6
172.14999999999998	2.8649579978610815e-6
172.25	2.8172586868503804e-6
172.35000000000002	2.766314936669753e-6
172.45	2.7122583043107775e-6
172.55	2.6552225739098142e-6
172.64999999999998	2.5953435333669565e-6
172.75	2.532758730297919e-6
172.85000000000002	2.4676072450053425e-6
172.95	2.4000294618741367e-6
173.05	2.3301668362469513e-6
173.14999999999998	2.2581616702993833e-6
173.25	2.1841568921579836e-6
173.35000000000002	2.1082958320733856e-6
173.45	2.0307220084773413e-6
173.55	1.9515789153868115e-6
173.64999999999998	1.871009811811468e-6
173.75	1.7891575149777329e-6
173.85000000000002	1.7061642028909616e-6
173.95	1.6221712119849555e-6
174.05	1.5373188521023579e-6
174.14999999999998	1.451746216498246e-6
174.25	1.3655909981155597e-6
174.35000000000002	1.278989312911163e-6
174.45	1.1920755313125529e-6
174.55	1.1049821159069953e-6
174.64999999999998	1.0178394506572063e-6
174.75	9.307756933233438e-7
174.85000000000002	8.439166306961251e-7
174.95	7.573855282731466e-7
175.05	6.713030033679303e-7
175.14999999999998	5.857868863333297e-7
175.25	5.009521082232469e-7
175.35000000000002	4.1691057309901e-7
175.45	3.3377105278667026e-7
175.55	2.5163908617496674e-7
175.64999999999998	1.7061687401267454e-7
175.75	9.080319407692994e-8
175.85000000000002	1.2293317414599887e-8
175.95	-6.482107317750098e-8
176.05	-1.40451949488674e-7
176.14999999999998	-2.1451500574824485e-7
176.25	-2.869297141447687e-7
176.35000000000002	-3.5761937623408085e-7
176.45	-4.265111691278782e-7
176.55	-4.935361826318015e-7
176.64999999999998	-5.586294469660874e-7
176.75	-6.217299672627494e-7
176.85000000000002	-6.827807359331558e-7
176.95	-7.417287447472787e-7
177.05	-7.985249976493651e-7
177.14999999999998	-8.531245059622659e-7
177.25	-9.054862903920052e-7
177.35000000000002	-9.555733607535588e-7
177.45	-1.0033527062207003e-6
177.55	-1.0487952750307686e-6
177.64999999999998	-1.0918759389157216e-6
177.75	-1.13257346975867e-6
177.85000000000002	-1.1708704960808567e-6
177.95	-1.2067534653337914e-6
178.05	-1.2402125879833936e-6
178.14999999999998	-1.2712417962550088e-6
178.25	-1.2998386783346421e-6
178.35000000000002	-1.3260044229979681e-6
178.45	-1.3497437526634543e-6
178.55	-1.3710648527398867e-6
178.64999999999998	-1.3899793010291132e-6
178.75	-1.4065019886159954e-6
178.85000000000002	-1.4206510412107665e-6
178.95	-1.4324477349199377e-6
179.05	-1.4419164118465387e-6
179.14999999999998	-1.4490843864655582e-6
179.25	-1.4539818550283262e-6
179.35000000000002	-1.4566418009290844e-6
179.45	-1.4570998997466345e-6
179.55	-1.4553944145142067e-6
179.64999999999998	-1.4515660986418081e-6
179.75	-1.4456580874732654e-6
179.85000000000002	-1.4377158007706032e-6
179.95	-1.4277868268682801e-6
180.05	-1.4159208217887062e-6
180.14999999999998	-1.4021693985164826e-6
180.25	-1.3865860143362141e-6
180.35000000000002	-1.3692258651342349e-6
180.45	-1.3501457671059764e-6
180.55	-1.3294040528236663e-6
180.64999999999998	-1.3070604526177732e-6
180.75	-1.2831759891561017e-6
180.85000000000002	-1.257812855052459e-6
180.95	-1.2310343139143848e-6
181.05	-1.20290458165897e-6
181.14999999999998	-1.1734887156157084e-6
181.25	-1.1428525086259872e-6
181.35000000000002	-1.1110623742643485e-6
181.45	-1.0781852444550116e-6
181.55	-1.04428845715292e-6
181.64999999999998	-1.0094396551252067e-6
181.75	-9.73706681726362e-7
181.85000000000002	-9.371574738381085e-7
181.95	-8.998599620891785e-7
182.05	-8.618819770592764e-7
182.14999999999998	-8.232911455718165e-7
182.25	-7.841547960391961e-7
182.35000000000002	-7.445398689868445e-7
182.45	-7.045128260741871e-7
182.55	-6.641395520583799e-7
182.64999999999998	-6.234852833878125e-7
182.75	-5.826145106497538e-7
182.85000000000002	-5.415909081606976e-7
182.95	-5.00477247183543e-7
183.05	-4.593353243422532e-7
183.14999999999998	-4.182258868428573e-7
183.25	-3.7720856634567363e-7
183.35000000000002	-3.363418042124348e-7
183.45	-2.956827890089547e-7
183.55	-2.552873997508014e-7
183.64999999999998	-2.152101427466883e-7
183.75	-1.755040998826574e-7
183.85000000000002	-1.3622087110727338e-7
183.95	-9.7410528198644e-8
184.05	-5.9121569060815003e-8
184.14999999999998	-2.1400874278527657e-8
184.25	1.5706336457451177e-8
184.35000000000002	5.215653700702688e-8
184.45	8.790792886143102e-8
184.55	1.2292047294805273e-7
184.64999999999998	1.57155916487691e-7
184.75	1.9057782168123455e-7
184.85000000000002	2.231515791267572e-7
184.95	2.5484443222300107e-7
185.05	2.856254900826598e-7
185.14999999999998	3.1546574185909106e-7
185.25	3.4433806056488805e-7
185.35000000000002	3.722172169827939e-7
185.45	3.990798777090253e-7
185.55	4.2490460800484994e-7
185.64999999999998	4.496718694395721e-7
185.75	4.733640129080527e-7
185.85000000000002	4.959652758094375e-7
185.95	5.17461769284743e-7
186.05	5.378414610579383e-7
186.14999999999998	5.570941656172282e-7
186.25	5.752115310887157e-7
186.35000000000002	5.921870076134599e-7
186.45	6.080158327170999e-7
186.55	6.226950043893616e-7
186.64999999999998	6.362232524364565e-7
186.75	6.486010202568721e-7
186.85000000000002	6.598304190726685e-7
186.95	6.699152044694091e-7
187.05	6.788607398079646e-7
187.14999999999998	6.866739609633499e-7
187.25	6.93363335956288e-7
187.35000000000002	6.989388274230859e-7
187.45	7.03411854687814e-7
187.55	7.067952433476626e-7
187.64999999999998	7.091031904664694e-7
187.75	7.103512105679539e-7
187.85000000000002	7.105561006324354e-7
187.95	7.097358833218589e-7
188.05	7.079097651801641e-7
188.14999999999998	7.050980848076869e-7
188.25	7.013222614573838e-7
188.35000000000002	6.966047482473977e-7
188.45	6.909689799673538e-7
188.55	6.844393215201805e-7
188.64999999999998	6.770410156577065e-7
188.75	6.688001308316339e-7
188.85000000000002	6.597435042647153e-7
188.95	6.498986984727341e-7
189.05	6.392939381267745e-7
189.14999999999998	6.279580663920455e-7
189.25	6.159204836328505e-7
189.35000000000002	6.032110979737884e-7
189.45	5.898602775265295e-7
189.55	5.758987880809856e-7
189.64999999999998	5.613577471408462e-7
189.75	5.462685742222909e-7
189.85000000000002	5.30662931406297e-7
189.95	5.145726828978192e-7
190.05	4.980298376424881e-7
190.14999999999998	4.810665007587479e-7
190.25	4.6371482866084087e-7
190.35000000000002	4.460069810639254e-7
190.45	4.279750664012236e-7
190.55	4.096511041153081e-7
190.64999999999998	3.910669756811295e-7
190.75	3.7225438223869635e-7
190.85000000000002	3.532447981558909e-7
190.95	3.3406943157369703e-7
191.05	3.147591857719756e-7
191.14999999999998	2.953446109909962e-7
191.25	2.7585587962301355e-7
191.35000000000002	2.5632273483171406e-7
191.45	2.36774459572408e-7
191.55	2.1723984719250447e-7
191.64999999999998	1.977471613816467e-7
191.75	1.7832410466298302e-7
191.85000000000002	1.589977933019654e-7
191.95	1.3979472139253122e-7
192.05	1.2074073577086814e-7
192.14999999999998	1.0186101029324078e-7
192.25	8.318002450506223e-8
192.35000000000002	6.472153098356602e-8
192.45	4.650853706190407e-8
192.55	2.8563289986398384e-8
192.64999999999998	1.09072500584217e-8
192.75	-6.4389193911811625e-9
192.85000000000002	-2.3455376827833445e-8
192.95	-4.0123110515891065e-8
193.05	-5.6423952631786146e-8
193.14999999999998	-7.2340593706175e-8
193.25	-8.785658999993901e-8
193.35000000000002	-1.0295637364407163e-7
193.45	-1.1762526054460517e-7
193.55	-1.3184945427787793e-7
193.64999999999998	-1.4561605056601946e-7
193.75	-1.5891304430194325e-7
193.85000000000002	-1.7172932473784706e-7
193.95	-1.8405468557470972e-7
194.05	-1.9587981243052142e-7
194.14999999999998	-2.0719628951627562e-7
194.25	-2.1799659239367044e-7
194.35000000000002	-2.282740840194411e-7
194.45	-2.3802300714922287e-7
194.55	-2.4723847989055326e-7
194.64999999999998	-2.559164860574333e-7
194.75	-2.640538668814836e-7
194.85000000000002	-2.716483073168761e-7
194.95	-2.786983299130469e-7
195.05	-2.852032777595634e-7
195.14999999999998	-2.911633008200961e-7
195.25	-2.965793444050962e-7
195.35000000000002	-3.0145313336515106e-7
195.45	-3.0578715282613784e-7
195.55	-3.095846331355817e-7
195.64999999999998	-3.1284953448526274e-7
195.75	-3.1558652413183123e-7
195.85000000000002	-3.1780095787651163e-7
195.95	-3.1949886283013445e-7
196.05	-3.206869139845513e-7
196.14999999999998	-3.2137241349712013e-7
196.25	-3.2156326956195996e-7
196.35000000000002	-3.2126797507431155e-7
196.45	-3.204955827388657e-7
196.55	-3.1925568459696233e-7
196.64999999999998	-3.1755838367417073e-7
196.75	-3.15414277247624e-7
196.85000000000002	-3.12834425028302e-7
196.95	-3.0983033187397913e-7
197.05	-3.064139196278493e-7
197.14999999999998	-3.025975017868116e-7
197.25	-2.9839375816640506e-7
197.35000000000002	-2.938157151568923e-7
197.45	-2.8887671107452615e-7
197.55	-2.8359038015498873e-7
197.64999999999998	-2.7797062332517746e-7
197.75	-2.720315834573194e-7
197.85000000000002	-2.6578762027265413e-7
197.95	-2.592532882952188e-7
198.05	-2.524433062804206e-7
198.14999999999998	-2.4537253889307933e-7
198.25	-2.3805596755754635e-7
198.35000000000002	-2.3050867289659323e-7
198.45	-2.227457990248835e-7
198.55	-2.1478254722469433e-7
198.64999999999998	-2.0663413824845927e-7
198.75	-1.9831579476122725e-7
198.85000000000002	-1.898427225817334e-7
198.95	-1.812300820642434e-7
199.05	-1.7249297107218876e-7
199.14999999999998	-1.6364640579271762e-7
199.25	-1.5470529427052302e-7
199.35000000000002	-1.4568441996137904e-7
199.45	-1.3659842307286354e-7
199.55	-1.2746178017815888e-7
199.64999999999998	-1.182887867141388e-7
199.75	-1.0909353875801861e-7
199.85000000000002	-9.988991702409079e-8
199.95	-9.069156789392675e-8
200.05	-8.151189127447691e-8
200.14999999999998	-7.236402156082701e-8
200.25	-6.326081451638795e-8
200.35000000000002	-5.4214837048373916e-8
200.45	-4.5238346713691944e-8
200.55	-3.634328450028472e-8
200.64999999999998	-2.7541261326614795e-8
200.75	-1.884354678180498e-8
200.85000000000002	-1.0261061293347894e-8
200.95	-1.8043622731451807e-9
201.05	6.516361907557999e-9
201.14999999999998	1.469130252875846e-8
201.25	2.271103816393883e-8
201.35000000000002	3.056654075340226e-8
201.45	3.824917929773221e-8
201.55	4.575072990461723e-8
201.64999999999998	5.306337627067907e-8
201.75	6.017972060486475e-8
201.85000000000002	6.70927790700979e-8
201.95	7.379598949343407e-8
202.05	8.028321238278869e-8
202.14999999999998	8.654873282934586e-8
202.25	9.258726104786532e-8
202.35000000000002	9.839393336080349e-8
202.45	1.0396430788951936e-7
202.55	1.0929437113020716e-7
202.64999999999998	1.1438052929065033e-7
202.75	1.192196097050893e-7
202.85000000000002	1.2380885570459136e-7
202.95	1.2814592589114508e-7
203.05	1.3222888931526053e-7
203.14999999999998	1.3605621880036488e-7
203.25	1.3962679221197134e-7
203.35000000000002	1.429398791459114e-7
203.45	1.459951395471028e-7
203.55	1.4879261457986883e-7
203.64999999999998	1.5133272764638126e-7
203.75	1.5361626526240273e-7
203.85000000000002	1.5564437970226126e-7
203.95	1.574185717014988e-7
204.05	1.5894069139362856e-7
204.14999999999998	1.602129238931683e-7
204.25	1.6123777987227302e-7
204.35000000000002	1.6201808994427137e-7
204.45	1.6255698861880924e-7
204.55	1.6285791381872978e-7
204.64999999999998	1.62924585507893e-7
204.75	1.6276100479103899e-7
204.85000000000002	1.6237143596106895e-7
204.95	1.6176040110164757e-7
205.05	1.6093266700768032e-7
205.14999999999998	1.598932315747346e-7
205.25	1.5864731239022813e-7
205.35000000000002	1.5720034106692037e-7
205.45	1.5555794644605812e-7
205.55	1.5372594275352626e-7
205.64999999999998	1.517103214212624e-7
205.75	1.495172336661584e-7
205.85000000000002	1.4715298283782513e-7
205.95	1.4462401359119314e-7
206.05	1.4193689833734523e-7
206.14999999999998	1.3909832090705946e-7
206.25	1.3611507047133348e-7
206.35000000000002	1.3299403062457558e-7
206.45	1.2974216143034147e-7
206.55	1.2636649545892793e-7
206.64999999999998	1.2287412176021385e-7
206.75	1.192721712888057e-7
206.85000000000002	1.1556781345255389e-7
206.95	1.1176824023354612e-7
207.05	1.0788065537380262e-7
207.14999999999998	1.039122648431189e-7
207.25	9.987026721337941e-8
207.35000000000002	9.576183928466922e-8
207.45	9.159413102497494e-8
207.55	8.737425089859034e-8
207.64999999999998	8.310926066953509e-8
207.75	7.88061616941085e-8
207.85000000000002	7.447188842498002e-8
207.95	7.011329899228878e-8
208.05	6.573716597434306e-8
208.14999999999998	6.135016926603258e-8
208.25	5.6958884791988257e-8
208.35000000000002	5.256978234675601e-8
208.45	4.818921043804707e-8
208.55	4.382339696147033e-8
208.64999999999998	3.947843586010902e-8
208.75	3.516028342033072e-8
208.85000000000002	3.087475468211209e-8
208.95	2.6627511502619906e-8
209.05	2.2424061283661275e-8
209.14999999999998	1.8269749971515146e-8
209.25	1.4169757605719882e-8
209.35000000000002	1.0129093173038952e-8
209.45	6.152592370983343e-9
209.55	2.2449096883567523e-9
209.64999999999998	-1.5894816678322768e-9
209.75	-5.346294056364292e-9
209.85000000000002	-9.021429139024746e-9
209.95	-1.2610980893187648e-8
210.05	-1.611123828443321e-8
210.14999999999998	-1.9518685112551207e-8
210.25	-2.2829999979800633e-8
210.35000000000002	-2.604206341310879e-8
210.45	-2.9151956799115196e-8
210.55	-3.215695818196811e-8
210.64999999999998	-3.505455193159479e-8
210.75	-3.784242113390169e-8
210.85000000000002	-4.051844975770144e-8
210.95	-4.3080723692211876e-8
211.05	-4.552752656542661e-8
211.14999999999998	-4.7857344359275616e-8
211.25	-5.006885834705692e-8
211.35000000000002	-5.2160946552809385e-8
211.45	-5.4132681555558686e-8
211.55	-5.5983328832384986e-8
211.64999999999998	-5.771234134941993e-8
211.75	-5.931936207885748e-8
211.85000000000002	-6.080421825649239e-8
211.95	-6.216691701989776e-8
212.05	-6.340764608871231e-8
212.14999999999998	-6.452676498245652e-8
212.25	-6.552480739422715e-8
212.35000000000002	-6.640247271266342e-8
212.45	-6.716062712265613e-8
212.55	-6.78002914094583e-8
212.64999999999998	-6.832264767001893e-8
212.75	-6.872902049234625e-8
212.85000000000002	-6.902088911061898e-8
212.95	-6.91998673824426e-8
213.05	-6.926771066355055e-8
213.14999999999998	-6.922630294903047e-8
213.25	-6.90776529787647e-8
213.35000000000002	-6.882389458973911e-8
213.45	-6.846727612961179e-8
213.55	-6.801015595424594e-8
213.64999999999998	-6.745499654455841e-8
213.75	-6.680436498697239e-8
213.85000000000002	-6.606091830298178e-8
213.95	-6.522740345851654e-8
214.05	-6.430665030795218e-8
214.14999999999998	-6.330156764931613e-8
214.25	-6.221513429124439e-8
214.35000000000002	-6.105039605042995e-8
214.45	-5.98104580289761e-8
214.55	-5.8498483813738005e-8
214.64999999999998	-5.711768425424751e-8
214.75	-5.5671315869462824e-8
214.85000000000002	-5.416267188691919e-8
214.95	-5.259507851934684e-8
215.05	-5.0971890088636445e-8
215.14999999999998	-4.9296480124787654e-8
215.25	-4.7572242803606185e-8
215.35000000000002	-4.580258256489463e-8
215.45	-4.399090964889454e-8
215.55	-4.214063700253702e-8
215.64999999999998	-4.025517014535756e-8
215.75	-3.8337910827130016e-8
215.85000000000002	-3.63922438915507e-8
215.95	-3.442153543666358e-8
216.05	-3.2429129917618344e-8
216.14999999999998	-3.0418346551502794e-8
216.25	-2.839246899191901e-8
216.35000000000002	-2.6354749243997303e-8
216.45	-2.4308395781750647e-8
216.55	-2.2256573138066657e-8
216.64999999999998	-2.0202397837640224e-8
216.75	-1.814893648600389e-8
216.85000000000002	-1.6099203166604263e-8
216.95	-1.4056145799243042e-8
217.05	-1.202265682636171e-8
217.14999999999998	-1.0001561874145873e-8
217.25	-7.995615615041205e-9
217.35000000000002	-6.0075046691597935e-9
217.45	-4.039844806822551e-9
217.55	-2.0951692036634788e-9
217.64999999999998	-1.7593819554708272e-10
217.75	1.7154706438830489e-9
217.85000000000002	3.576763069845488e-9
217.95	5.405729052810948e-9
218.05	7.200242904390522e-9
218.14999999999998	8.958272205467049e-9
218.25	1.0677866194461222e-8
218.35000000000002	1.2357170759064515e-8
218.45	1.399441932390405e-8
218.55	1.558794285997927e-8
218.64999999999998	1.713616044905146e-8
218.75	1.8637589388608326e-8
218.85000000000002	2.0090839111808176e-8
218.95	2.149461707451858e-8
219.05	2.284772231747378e-8
219.14999999999998	2.414905233782106e-8
219.25	2.5397598429416555e-8
219.35000000000002	2.6592445133001795e-8
219.45	2.7732775651903815e-8
219.55	2.8817862932805243e-8
219.64999999999998	2.984708007066274e-8
219.75	3.081988535754907e-8
219.85000000000002	3.1735835336874305e-8
219.95	3.2594573512592736e-8
220.05	3.3395833982213284e-8
220.14999999999998	3.413944152829409e-8
220.25	3.482530645607182e-8
220.35000000000002	3.545342881447478e-8
220.45	3.6023886980475486e-8
220.55	3.6536847308985594e-8
220.64999999999998	3.6992555546334444e-8
220.75	3.73913390175333e-8
220.85000000000002	3.773359875909664e-8
220.95	3.8019814720225755e-8
221.05	3.8250538459560215e-8
221.14999999999998	3.842639486044693e-8
221.25	3.8548076196982534e-8
221.35000000000002	3.861634187707446e-8
221.45	3.863201761460533e-8
221.55	3.859598859068512e-8
221.64999999999998	3.850920358332664e-8
221.75	3.837266917383432e-8
221.85000000000002	3.81874427196257e-8
221.95	3.7954638764158306e-8
222.05	3.767541902091228e-8
222.14999999999998	3.7350994139925144e-8
222.25	3.6982618670423704e-8
222.35000000000002	3.6571590305184144e-8
222.45	3.6119243363916796e-8
222.55	3.5626953750177695e-8
222.64999999999998	3.509612820155968e-8
222.75	3.452820745436952e-8
222.85000000000002	3.3924657038345976e-8
222.95	3.328697396359327e-8
223.05	3.2616675693673244e-8
223.14999999999998	3.1915300815704204e-8
223.25	3.118440707542623e-8
223.35000000000002	3.042556832044709e-8
223.45	2.9640371452727015e-8
223.55	2.8830412788856818e-8
223.64999999999998	2.7997296992775336e-8
223.75	2.7142635409368952e-8
223.85000000000002	2.6268041432437782e-8
223.95	2.5375131270745594e-8
224.05	2.4465517082782545e-8
224.14999999999998	2.3540807305470395e-8
224.25	2.2602605186193225e-8
224.35000000000002	2.165250705619379e-8
224.45	2.069209363130932e-8
224.55	1.972293830083681e-8
224.64999999999998	1.8746596965040197e-8
224.75	1.776460755986107e-8
224.85000000000002	1.6778491675405316e-8
224.95	1.578974761418415e-8
225.05	1.4799852127274808e-8
225.14999999999998	1.3810259732590234e-8
225.25	1.2822397854136478e-8
225.35000000000002	1.1837663815520509e-8
225.45	1.0857428460284475e-8
225.55	9.88303118492343e-9
225.64999999999998	8.915779347547185e-9
225.75	7.956945078547271e-9
225.85000000000002	7.007769266802811e-9
225.95	6.069454774603719e-9
226.05	5.1431676253373e-9
226.14999999999998	4.2300354943531815e-9
226.25	3.3311476199936714e-9
226.35000000000002	2.4475519105610794e-9
226.45	1.5802580626856568e-9
226.55	7.302319693635117e-10
226.64999999999998	-1.016028565701422e-10
226.75	-9.143637862170914e-10
226.85000000000002	-1.707212675223076e-9
226.95	-2.4793558777205626e-9
227.05	-3.2300425132301506e-9
227.14999999999998	-3.9585679825390185e-9
227.25	-4.664271827084389e-9
227.35000000000002	-5.346535824930745e-9
227.45	-6.004792727242958e-9
227.55	-6.638516053091589e-9
227.64999999999998	-7.247224850803596e-9
227.75	-7.830482677315915e-9
227.85000000000002	-8.38790127707802e-9
227.95	-8.919132530572714e-9
228.05	-9.423876269327052e-9
228.14999999999998	-9.901873061613474e-9
228.25	-1.035290971994101e-8
228.35000000000002	-1.0776816041317505e-8
228.45	-1.1173463673762828e-8
228.55	-1.1542766865746763e-8
228.64999999999998	-1.1884678502830798e-8
228.75	-1.2199197659429412e-8
228.85000000000002	-1.2486358156073209e-8
228.95	-1.274623691468509e-8
229.05	-1.2978947934686524e-8
229.14999999999998	-1.3184643768427872e-8
229.25	-1.336351123462747e-8
229.35000000000002	-1.351577438116878e-8
229.45	-1.3641693187104963e-8
229.55	-1.3741560159990004e-8
229.64999999999998	-1.3815701693842597e-8
229.75	-1.3864476081408393e-8
229.85000000000002	-1.3888271001379397e-8
229.95	-1.3887505535837265e-8
230.05	-1.3862624755151185e-8
230.14999999999998	-1.3814104992070464e-8
230.25	-1.3742444968278935e-8
230.35000000000002	-1.36481693723245e-8
230.45	-1.3531827352867215e-8
230.55	-1.3393989870565437e-8
230.64999999999998	-1.3235251769969802e-8
230.75	-1.3056224638082042e-8
230.85000000000002	-1.2857538969590254e-8
230.95	-1.263984617275033e-8
231.05	-1.240380974711423e-8
231.14999999999998	-1.2150111314673614e-8
231.25	-1.1879445306814484e-8
231.35000000000002	-1.1592517962393278e-8
231.45	-1.1290046891310013e-8
231.55	-1.0972762228729664e-8
231.64999999999998	-1.0641398495010536e-8
231.75	-1.0296701109574075e-8
231.85000000000002	-9.939421026107184e-9
231.95	-9.570313419612915e-9
232.05	-9.190140254351396e-9
232.14999999999998	-8.799661891294813e-9
232.25	-8.399643106468592e-9
232.35000000000002	-7.990848980289945e-9
232.45	-7.574042459125418e-9
232.55	-7.149987364154346e-9
232.64999999999998	-6.719442219802456e-9
232.75	-6.283161985123835e-9
232.85000000000002	-5.841895935817521e-9
232.95	-5.396389739817369e-9
233.05	-4.947380464529281e-9
233.14999999999998	-4.495598000443473e-9
233.25	-4.0417614743513965e-9
233.35000000000002	-3.5865829455019175e-9
233.45	-3.1307622153460404e-9
233.55	-2.6749890597889912e-9
233.64999999999998	-2.219938048587296e-9
233.75	-1.766273067386124e-9
233.85000000000002	-1.3146454919697e-9
233.95	-8.65689855749926e-10
234.05	-4.2002558758942974e-10
234.14999999999998	2.1742173772560195e-11
234.25	4.590275760846855e-10
234.35000000000002	8.912563609359673e-10
234.45	1.3178774711556444e-9
234.55	1.73835386792559e-9
234.64999999999998	2.152168950387608e-9
234.75	2.558825600016442e-9
234.85000000000002	2.9578445857658326e-9
234.95	3.3487671045732873e-9
235.05	3.731153615537127e-9
235.14999999999998	4.104584430667329e-9
235.25	4.4686619400065555e-9
235.35000000000002	4.823007940077734e-9
235.45	5.1672660409128995e-9
235.55	5.501100960821266e-9
235.64999999999998	5.8241977847307305e-9
235.75	6.136264454403151e-9
235.85000000000002	6.437027358935452e-9
235.95	6.726237037964074e-9
236.05	7.003662717752716e-9
236.14999999999998	7.269098276777078e-9
236.25	7.522356888634835e-9
236.35	7.763274423091651e-9
236.45	7.991702122375575e-9
236.55	8.207520422945288e-9
236.64999999999998	8.410626018385351e-9
236.75	8.600933995508572e-9
236.85	8.778384909358683e-9
236.95	8.942933539920765e-9
237.05	9.094558357013188e-9
237.14999999999998	9.233257619341149e-9
237.25	9.35904416449125e-9
237.35	9.471953464901602e-9
237.45	9.572039275903923e-9
237.55	9.659369347690823e-9
237.64999999999998	9.734034708145556e-9
237.75	9.796137431948805e-9
237.85	9.845798210584657e-9
237.95	9.883158208158503e-9
238.05	9.908367448569878e-9
238.14999999999998	9.921595931423125e-9
238.25	9.923023226394822e-9
238.35	9.9128497871338e-9
238.45	9.891283163667501e-9
238.55	9.85854935520017e-9
238.64999999999998	9.814881840071568e-9
238.75	9.76052990571807e-9
238.85	9.695750143733482e-9
238.95	9.620814242373815e-9
239.05	9.536000434961017e-9
239.14999999999998	9.441599650459056e-9
239.25	9.337910090708194e-9
239.35	9.225236398672146e-9
239.45	9.103894017697428e-9
239.55	8.974204350536777e-9
239.64999999999998	8.83649539051435e-9
239.75	8.691101490795668e-9
239.85	8.538361119847957e-9
239.95	8.378620770552733e-9
240.05	8.212227884881192e-9
240.14999999999998	8.039532275297342e-9
240.25	7.86089132280512e-9
240.35	7.676662312085413e-9
240.45	7.487203896215046e-9
240.55	7.292877623089664e-9
240.64999999999998	7.094043368629087e-9
240.75	6.8910649670102235e-9
240.85	6.68430328322666e-9
240.95	6.474118508318981e-9
241.05	6.260870733106673e-9
241.14999999999998	6.044916274872155e-9
241.25	5.826611775043576e-9
241.35	5.606309249070539e-9
241.45	5.384357621153427e-9
241.55	5.161102067097959e-9
241.64999999999998	4.936883648013439e-9
241.75	4.7120390454469765e-9
241.85	4.486900648816675e-9
241.95	4.261795517315764e-9
242.05	4.037043118117474e-9
242.14999999999998	3.812957654365512e-9
242.25	3.589846498047987e-9
242.35	3.368012551658668e-9
242.45	3.147749032776177e-9
242.55	2.9293412889860857e-9
242.64999999999998	2.7130700809548646e-9
242.75	2.4992053282379814e-9
242.85	2.288008757731396e-9
242.95	2.079733507543499e-9
243.05	1.874626949958578e-9
243.14999999999998	1.672924832083246e-9
243.25	1.4748534421285321e-9
243.35	1.2806310641618748e-9
243.45	1.0904657476420346e-9
243.55	9.045579053800707e-10
243.64999999999998	7.230961530093693e-10
243.75	5.462597980491335e-10
243.85	3.7421782663471745e-10
243.95	2.0712878774138812e-10
244.05	4.5143603710377544e-11
244.14999999999998	-1.1159890340375311e-10
244.25	-2.629685652304674e-10
244.35	-4.0884712861089386e-10
244.45	-5.491256302348526e-10
244.55	-6.837044388734895e-10
244.64999999999998	-8.124954294658614e-10
244.75	-9.35417587988256e-10
244.85	-1.0524043778951172e-9
244.95	-1.1633956744624377e-9
245.05	-1.2683427514338293e-9
245.14999999999998	-1.367204916918457e-9
245.25	-1.4599531674228774e-9
245.35	-1.5465664941234243e-9
245.45	-1.6270332205276628e-9
245.55	-1.7013515604014231e-9
245.64999999999998	-1.7695283164170498e-9
245.75	-1.831578786160936e-9
245.85	-1.8875273917552344e-9
245.95	-1.937408756845706e-9
246.05	-1.981260514128396e-9
246.14999999999998	-2.0191337188276496e-9
246.25	-2.051086739190127e-9
246.35	-2.077181691701746e-9
246.45	-2.097492726967721e-9
246.55	-2.112097843155886e-9
246.64999999999998	-2.1210834951483443e-9
246.75	-2.124542433679925e-9
246.85	-2.1225742490116145e-9
246.95	-2.115284110296019e-9
247.05	-2.1027823848600558e-9
247.14999999999998	-2.0851859664596893e-9
247.25	-2.0626187605819202e-9
247.35	-2.035206002114071e-9
247.45	-2.0030829584075156e-9
247.55	-1.9663824974969386e-9
247.64999999999998	-1.9252476050754196e-9
247.75	-1.8798241153772213e-9
247.85	-1.830259576697673e-9
247.95	-1.7767069537580542e-9
248.05	-1.7193205695954242e-9
248.14999999999998	-1.6582590407025194e-9
248.25	-1.5936822889351757e-9
248.35	-1.5257521956726517e-9
248.45	-1.4546356051493491e-9
248.55	-1.3804982476487503e-9
248.64999999999998	-1.3035086310122876e-9
248.75	-1.223837038743401e-9
248.85	-1.1416511086702022e-9
248.95	-1.0571238905244585e-9
249.05	-9.70423804229525e-10
249.14999999999998	-8.817237424810472e-10
249.25	-7.911969902171476e-10
249.35	-6.990129692607163e-10
249.45	-6.053414868056699e-10
249.55	-5.103522225593566e-10
249.64999999999998	-4.1421328098089646e-10
249.75	-3.1709135014890394e-10
249.85	-2.1915307024912306e-10
249.95	-1.2056026256149793e-10
250.05	-2.1477125385847203e-11
250.14999999999998	7.793746395586049e-11
250.25	1.775270277285211e-10
250.35	2.7713652710193275e-10
250.45	3.7661363452015016e-10
250.55	4.758098555393838e-10
250.64999999999998	5.745780276672551e-10
250.75	6.72777122821694e-10
250.85	7.702663464892946e-10
250.95	8.669096879333377e-10
251.05	9.625734322388846e-10
251.14999999999998	1.0571305475908625e-9
251.25	1.1504571274749741e-9
251.35	1.242432388483043e-9
251.45	1.332938169729438e-9
251.55	1.4218654175915454e-9
251.64999999999998	1.5091027735733526e-9
251.75	1.5945486397784686e-9
251.85	1.6781032229979779e-9
251.95	1.7596724531211232e-9
252.05	1.8391651734899533e-9
252.14999999999998	1.916498001865742e-9
252.25	1.9915890887248312e-9
252.35	2.064361489844972e-9
252.45	2.1347448868607636e-9
252.55	2.2026738297900447e-9
252.64999999999998	2.2680861978298567e-9
252.75	2.3309246237210963e-9
252.85	2.3911375618196468e-9
252.95	2.4486787489524087e-9
253.05	2.503502885501772e-9
253.14999999999998	2.555574603725577e-9
253.25	2.604860482817073e-9
253.35	2.6513316617744043e-9
253.45	2.694963746312853e-9
253.55	2.7357378023345535e-9
253.64999999999998	2.7736402666739205e-9
253.75	2.8086593389308455e-9
253.85	2.8407907362466734e-9
253.95	2.870031902969918e-9
254.05	2.8963877401014715e-9
254.14999999999998	2.9198639018601723e-9
254.25	2.9404701078154724e-9
254.35	2.958221700576813e-9
254.45	2.9731402856584526e-9
254.55	2.9852480120649826e-9
254.64999999999998	2.9945707588598424e-9
254.75	3.001138439115563e-9
254.85	3.0049853432433598e-9
254.95	3.0061483823191065e-9
255.05	3.0046693727271955e-9
255.14999999999998	3.0005916813549672e-9
255.25	2.99395944615973e-9
255.35	2.9848261814809997e-9
255.45	2.973240767053256e-9
255.55	2.959260099187067e-9
255.64999999999998	2.9429409438161173e-9
255.75	2.9243425820644114e-9
255.85	2.9035289191954092e-9
255.95	2.880564381423302e-9
256.05	2.8555160931444856e-9
256.15	2.828451054483214e-9
256.25	2.799439162342293e-9
256.35	2.7685540576244616e-9
256.45	2.735868356854108e-9
256.55	2.7014562803703878e-9
256.65	2.6653930680030705e-9
256.75	2.627755452274303e-9
256.85	2.588623573017326e-9
256.95	2.5480740799302495e-9
257.05	2.506186972478382e-9
257.15	2.4630419372788576e-9
257.25	2.418720611715325e-9
257.35	2.3733036627028046e-9
257.45	2.3268713540203574e-9
257.55	2.2795047305820113e-9
257.65	2.231286156395012e-9
257.75	2.1822938575132078e-9
257.85	2.132608807744198e-9
257.95	2.0823125799859213e-9
258.05	2.0314842000314455e-9
258.15	1.980204395371223e-9
258.25	1.928550456799485e-9
258.35	1.876598184377458e-9
258.45	1.8244255031312201e-9
258.55	1.7721075604292105e-9
258.65	1.719719546264121e-9
258.75	1.6673347537298121e-9
258.85	1.615024766043658e-9
258.95	1.5628592952782675e-9
259.05	1.5109089737293461e-9
259.15	1.4592409908367398e-9
259.25	1.4079218216088167e-9
259.35	1.3570145188727711e-9
259.45	1.306584249205604e-9
259.55	1.2566903481768065e-9
259.65	1.2073922786998658e-9
259.75	1.1587451892275395e-9
259.85	1.110806531563199e-9
259.95	1.0636294282442996e-9
260.05	1.0172645911944912e-9
260.15	9.717611389380176e-10
260.25	9.271662825539021e-10
260.35	8.835253729058885e-10
260.45	8.40878401462803e-10
260.55	7.992680921757947e-10
260.65	7.587324654570213e-10
260.75	7.193074969091331e-10
260.85	6.810265736819488e-10
260.95	6.439236798129067e-10
261.05	6.080253880535986e-10
261.15	5.733595051573306e-10
261.25	5.399511739469191e-10
261.35	5.078222782162876e-10
261.45	4.7699218775792e-10
261.55	4.4747961964516015e-10
261.65	4.1930192128379146e-10
261.75	3.9247028758394e-10
261.85	3.669974019549294e-10
261.95	3.4289283533103986e-10
262.05	3.201619696322274e-10
262.15	2.9881137352184867e-10
262.25	2.788423707223164e-10
262.35	2.602584502602538e-10
262.45	2.4305505938224555e-10
262.55	2.2722960033222732e-10
262.65	2.1277903669776216e-10
262.75	1.996940338619331e-10
262.85	1.8796668851396407e-10
262.95	1.775852756093932e-10
263.05	1.6853775924705184e-10
263.15	1.608104251811169e-10
263.25	1.5438783383746405e-10
263.35	1.492523632508559e-10
263.45	1.4538334449624127e-10
263.55	1.4276042708932462e-10
263.65	1.4136239261105683e-10
263.75	1.411657227267493e-10
263.85	1.4214534198923311e-10
263.95	1.4427514983947115e-10
264.05	1.4752897339823905e-10
264.15	1.5187715214295582e-10
264.25	1.5728983114536952e-10
264.35	1.6373714002758247e-10
264.45	1.71189168903503e-10
264.55	1.7961129212226643e-10
264.65	1.8897110693300123e-10
264.75	1.992341676756262e-10
264.85	2.1036656806279195e-10
264.95	2.2233202952294296e-10
265.05	2.3509622610769046e-10
265.15	2.48620488402212e-10
265.25	2.628696546228692e-10
265.35	2.7780674842033685e-10
265.45	2.933909229114223e-10
265.55	3.095879857860615e-10
265.65	3.2635856535708536e-10
265.75	3.4366401094068655e-10
265.85	3.6146663923422283e-10
265.95	3.797277109541099e-10
266.05	3.9840834182346917e-10
266.15	4.1747052801671556e-10
266.25	4.368753768042233e-10
266.35	4.565859783823242e-10
266.45	4.765647049882269e-10
266.55	4.967733661532636e-10
266.65	5.171757849927949e-10
266.75	5.377350830515309e-10
266.85	5.584116702220992e-10
266.95	5.791738339949056e-10
267.05	5.999841799283386e-10
267.15	6.208091983464615e-10
267.25	6.416152410421708e-10
267.35	6.623657330547808e-10
267.45	6.830287287548762e-10
267.55	7.035737834085309e-10
267.65	7.239689763307267e-10
267.75	7.441834371920831e-10
267.85	7.641866395633616e-10
267.95	7.839513928340768e-10
268.05	8.034475010590296e-10
268.15	8.226488519443e-10
268.25	8.415299394207122e-10
268.35	8.600655725267619e-10
268.45	8.782298108219248e-10
268.55	8.960002706534388e-10
268.65	9.133547477271646e-10
268.75	9.302717301118403e-10
268.85	9.467306849670792e-10
268.95	9.627124113737959e-10
269.05	9.781971215318766e-10
269.15	9.931701883710206e-10
269.25	1.007613911499814e-9
269.35	1.0215139508658796e-9
269.45	1.0348560811379331e-9
269.55	1.0476277034252916e-9
269.65	1.0598173177202882e-9
269.75	1.0714143432523205e-9
269.85	1.0824075139073858e-9
269.95	1.0927900061050368e-9
270.05	1.1025527493562102e-9
