# u, ψ_scri 
0.0	-0.03914325315837286
0.1	-0.06547786763429159
0.2	-0.09064959372270831
0.3	-0.11467168689748314
0.4	-0.13755758382376693
0.5	-0.15932090184412975
0.6	-0.1799754383528442
0.7	-0.19953517004693438
0.8	-0.2180142520646713
0.9	-0.23542701699370192
1.0	-0.2517879737567606
1.1	-0.2671118063653697
1.2	-0.2814133725422892
1.3	-0.2947077022076041
1.4	-0.30700999582704996
1.5	-0.3183356226174394
1.6	-0.3287001186086673
1.7	-0.33811918456213347
1.8	-0.34660868373310133
1.9	-0.35418463948688533
2.0	-0.36086323275952836
2.1	-0.3666607993603831
2.2	-0.3715938271170689
2.3	-0.3756789528597058
2.4	-0.3789329592404387
2.5	-0.38137277139068537
2.6	-0.38301545341298165
2.7	-0.3838782046996003
2.8	-0.383978356087217
2.9	-0.3833333658395606
3.0	-0.3819608154556782
3.1	-0.37987840530996014
3.2	-0.3771039501154307
3.3	-0.3736553742146585
3.4	-0.36955070669581164
3.5	-0.3648080763341357
3.6	-0.3594457063595478
3.7	-0.3534819090494284
3.8	-0.346935080147368
3.9	-0.3398236931078924
4.0	-0.33216629317240426
4.1	-0.32398149126968245
4.2	-0.3152879577472548
4.3	-0.3061044159353649
4.4	-0.2964496355450952
4.5	-0.2863424258999909
4.6	-0.2758016290043193
4.7	-0.2648461124551417
4.8	-0.25349476219579903
4.9	-0.24176647511357435
5.0	-0.2296801514882995
5.1	-0.21725468729400008
5.2	-0.20450896635727928
5.3	-0.19146185237575178
5.4	-0.17813218080154086
5.5	-0.16453875059638415
5.6	-0.1507003158584679
5.7	-0.13663557733250914
5.8	-0.12236317380351681
5.9	-0.10790167338142025
6.0	-0.09326956468057489
6.1	-0.07848524790863233
6.2	-0.06356702586272028
6.3	-0.04853309483477103
6.4	-0.03340153545270875
6.5	-0.018190303444886
6.6	-0.0029172203422508014
6.7	0.012400035865650132
6.8	0.027743940128878923
6.9	0.04309712977140553
7.0	0.05844241395001757
7.1	0.0737627831336337
7.2	0.08904141860203703
7.3	0.10426170193833922
7.4	0.11940722451632807
7.5	0.1344617969754349
7.6	0.1494094586631866
7.7	0.16423448704549679
7.8	0.17892140707031706
7.9	0.19345500047473807
8.0	0.20782031502642356
8.1	0.22200267368288013
8.2	0.2359876836681072
8.3	0.2497612454520323
8.4	0.26330956161614183
8.5	0.27661914560203454
8.6	0.2896768303281028
8.7	0.3024697766636847
8.8	0.31498548175393914
8.9	0.32721178717935673
9.0	0.33913688693325633
9.1	0.35074933522539753
9.2	0.3620380540858346
9.3	0.3729923407525249
9.4	0.3836018748495292
9.5	0.3938567253334879
9.6	0.4037473572006746
9.7	0.41326463794127877
9.8	0.42239984373517836
9.9	0.43114466537528723
10.0	0.4394912139109716
10.1	0.4474320260008423
10.2	0.4549600689594732
10.3	0.46206874550199284
10.4	0.4687518981621656
10.5	0.4750038133850234
10.6	0.48081922528142995
10.7	0.48619331903779667
10.8	0.4911217339702672
10.9	0.4956005662168314
11.0	0.49962637106428015
11.1	0.5031961648937234
11.2	0.5063074267448089
11.3	0.5089580994928025
11.4	0.5111465906279351
11.5	0.5128717726340855
11.6	0.5141329829631657
11.7	0.5149300235978036
11.8	0.51526316019945
11.9	0.5151331208379537
12.0	0.5145410943017591
12.1	0.5134887279809289
12.2	0.5119781253253399
12.3	0.510011842875236
12.4	0.5075928868627809
12.5	0.5047247093826
12.6	0.5014112041339992
12.7	0.4976567017344692
12.8	0.49346596460352343
12.9	0.488844181421399
13.0	0.4837969611636927
13.1	0.47833032671538306
13.2	0.47245070806607176
13.3	0.4661649350916445
13.4	0.45948022992753956
13.5	0.4524041989374192
13.6	0.44494482428494747
13.7	0.4371104551120006
13.8	0.42890979833283654
13.9	0.42035190905187036
14.0	0.4114461806118745
14.1	0.4022023342809073
14.2	0.392630408587654
14.3	0.38274074831836286
14.4	0.3725439931789903
14.5	0.3620510661385426
14.6	0.3512731614645205
14.7	0.3402217324599806
14.8	0.3289084789163058
14.9	0.3173453342961014
15.0	0.3055444526543473
15.1	0.29351819531881645
15.2	0.2812791173381603
15.3	0.26883995371285946
15.4	0.2562136054310029
15.5	0.24341312531466458
15.6	0.23045170369738488
15.7	0.2173426539493552
15.8	0.20409939786574655
15.9	0.19073545093910088
16.0	0.17726440752172876
16.1	0.1636999259058945
16.2	0.1500557133432271
16.3	0.13634551099944206
16.4	0.12258307888657549
16.5	0.10878218078398579
16.6	0.09495656915335672
16.7	0.08111997008136211
16.8	0.06728606826407044
16.9	0.053468492048660526
17.0	0.03968079854958645
17.1	0.0259364588622549
17.2	0.01224884339498016
17.3	-0.0013687926727957332
17.4	-0.014903323782774758
17.5	-0.028341768218569468
17.6	-0.0416713021370919
17.7	-0.05487927340348554
17.8	-0.06795321520568583
17.9	-0.08088085942070873
18.0	-0.09365014973522255
18.1	-0.10624925449049091
18.2	-0.11866657923970451
18.3	-0.13089077900175725
18.4	-0.1429107701934425
18.5	-0.1547157422320544
18.6	-0.16629516878135545
18.7	-0.1776388186387416
18.8	-0.18873676624413385
18.9	-0.19957940179635772
19.0	-0.2101574409681114
19.1	-0.220461934202254
19.2	-0.23048427558413856
19.3	-0.2402162112717571
19.4	-0.24964984747884558
19.5	-0.25877765800098046
19.6	-0.2675924912685102
19.7	-0.27608757692546415
19.8	-0.28425653192579714
19.9	-0.29209336613360415
20.0	-0.2995924874273486
20.1	-0.30674870630106565
20.2	-0.31355723995159385
20.3	-0.3200137158566131
20.4	-0.32611417483360666
20.5	-0.33185507357768296
20.6	-0.33723328667595653
20.7	-0.34224610810027534
20.8	-0.3468912521743478
20.9	-0.35116685401285086
21.0	-0.35507146944201295
21.1	-0.35860407439354236
21.2	-0.36176406377892223
21.3	-0.3645512498468316
21.4	-0.366965860028086
21.5	-0.3690085342704665
21.6	-0.3706803218685245
21.7	-0.3719826777976842
21.8	-0.3729174585550975
21.9	-0.3734869175173612
22.0	-0.37369369982135014
22.1	-0.37354083677784333
22.2	-0.3730317398275081
22.3	-0.37217019404696455
22.4	-0.3709603512177688
22.5	-0.3694067224695756
22.6	-0.3675141705065964
22.7	-0.3652879014322367
22.8	-0.3627334561837427
22.9	-0.3598567015896667
23.0	-0.3566638210653585
23.1	-0.35316130495869424
23.2	-0.3493559405631914
23.3	-0.34525480181144985
23.4	-0.34086523866587914
23.5	-0.3361948662232577
23.6	-0.331251553546687
23.7	-0.32604341224388417
23.8	-0.32057878480938734
23.9	-0.31486623274501874
24.0	-0.30891452447766504
24.1	-0.30273262309329785
24.2	-0.2963296739014628
24.3	-0.28971499185288174
24.4	-0.28289804882363706
24.5	-0.2758884607865989
24.6	-0.26869597488988745
24.7	-0.26133045645591635
24.8	-0.2538018759238487
24.9	-0.24612029575070832
25.0	-0.23829585729317326
25.1	-0.23033876768168143
25.2	-0.22225928671390166
25.3	-0.21406771377609046
25.4	-0.20577437481601887
25.5	-0.19738960938437253
25.6	-0.18892375775939219
25.7	-0.18038714817672563
25.8	-0.17179008417398633
25.9	-0.16314283207393274
26.0	-0.15445560861785668
26.1	-0.1457385687682816
26.2	-0.1370017936933923
26.3	-0.1282552789491653
26.4	-0.11950892287863371
26.5	-0.11077251523603146
26.6	-0.10205572605037846
26.7	-0.0933680947480381
26.8	-0.08471901954099434
26.9	-0.07611774709852435
27.0	-0.0675733625072795
27.1	-0.05909477953750988
27.2	-0.05069073122634929
27.3	-0.04236976078089982
27.4	-0.03414021282259302
27.5	-0.026010224973784943
27.6	-0.017987719794312237
27.7	-0.010080397083421401
27.8	-0.0022957265492721123
27.9	0.005359059146382627
28.0	0.012876970962557736
28.1	0.02025126966571394
28.2	0.027475471621512364
28.3	0.03454335419219565
28.4	0.04144896073310453
28.5	0.048186605183885095
28.6	0.05475087625516485
28.7	0.0611366412056122
28.8	0.06733904920817242
28.9	0.0733535343098366
29.0	0.07917581797762374
29.1	0.08480191123464524
29.2	0.0902281163897368
29.3	0.09545102835878169
29.4	0.10046753558020466
29.5	0.10527482052954688
29.6	0.10987035983647507
29.7	0.1142519240055983
29.8	0.11841757674857066
29.9	0.12236567393023222
30.0	0.1260948621350849
30.1	0.12960407686228284
30.2	0.1328925403521192
30.3	0.1359597590535271
30.4	0.13880552073792754
30.5	0.14142989127042707
30.6	0.14383321104406308
30.7	0.1460160910862116
30.8	0.14797940884734942
30.9	0.14972430368086345
31.0	0.1512521720237926
31.1	0.15256466228865317
31.2	0.1536636694772917
31.3	0.15455132952684894
31.4	0.1552300133991881
31.5	0.15570232092512795
31.6	0.1559710744146727
31.7	0.15603931204610336
31.8	0.15591028104392995
31.9	0.1555874306589125
32.0	0.15507440496328634
32.1	0.1543750354713763
32.2	0.1534933336002331
32.3	0.15243348298129977
32.4	0.15119983163599335
32.5	0.14979688402959027
32.6	0.148229293013543
32.7	0.14650185167025692
32.8	0.14461948507361946
32.9	0.14258724197660966
33.0	0.1404102864390865
33.1	0.1380938894094344
33.2	0.1356434202710138
33.3	0.13306433836578896
33.4	0.13036218450895357
33.5	0.1275425725048658
33.6	0.12461118067773949
33.7	0.12157374342694971
33.8	0.11843604282133623
33.9	0.11520390024054473
34.0	0.11188316807781037
34.1	0.10847972151280573
34.2	0.10499945036513879
34.3	0.1014482510427524
34.4	0.09783201858891216
34.5	0.09415663884313198
34.6	0.09042798072408903
34.7	0.08665188864213094
34.8	0.08283417505214269
34.9	0.07898061315481764
35.0	0.07509692975535028
35.1	0.07118879828594742
35.2	0.06726183200088316
35.3	0.06332157735130661
35.4	0.05937350754653002
35.5	0.05542301630939275
35.6	0.05147541182859528
35.7	0.04753591091777048
35.8	0.04360963338486606
35.9	0.03970159661554863
36.0	0.03581671037872097
36.1	0.03195977185503914
36.2	0.028135460893853107
36.3	0.024348335501987943
36.4	0.020602827567321916
36.5	0.016903238819756018
36.6	0.013253737031779697
36.7	0.009658352461298656
36.8	0.006120974537317356
36.9	0.0026453487909156703
37.0	-0.0007649259699165538
37.1	-0.004106400238883474
37.2	-0.007375776143020252
37.3	-0.010569909530574796
37.4	-0.013685811813860298
37.5	-0.016720651566334684
37.6	-0.01967175587894987
37.7	-0.022536611475666313
37.8	-0.02531286558786486
37.9	-0.02799832659461304
38.0	-0.03059096442729698
38.1	-0.03308891074370806
38.2	-0.03549045887460624
38.3	-0.03779406354442182
38.4	-0.039998340373369835
38.5	-0.042102065161541385
38.6	-0.04410417296015759
38.7	-0.046003756937343813
38.8	-0.04780006703921135
38.9	-0.049492508451886776
39.0	-0.05108063987339276
39.1	-0.05256417159651664
39.2	-0.05394296340958444
39.3	-0.0552170223221893
39.4	-0.05638650012035519
39.5	-0.057451690757926874
39.6	-0.05841302758970005
39.7	-0.059271080454040316
39.8	-0.06002655260999742
39.9	-0.06068027753655673
40.0	-0.061233215600299006
40.1	-0.061686450598370406
40.2	-0.06204118618367733
40.3	-0.06229874217898398
40.4	-0.062460550787665346
40.5	-0.06252815270691951
40.6	-0.06250319315182647
40.7	-0.06238741779656844
40.8	-0.06218266863977278
40.9	-0.06189087980180653
41.0	-0.0615140732604831
41.1	-0.061054354532522746
41.2	-0.06051390830774265
41.3	-0.059894994042858
41.4	-0.05919994152205705
41.5	-0.058431146391110356
41.6	-0.05759106567162567
41.7	-0.05668221326269001
41.8	-0.05570715543595015
41.9	-0.05466850633115431
42.0	-0.05356892345820447
42.1	-0.052411103212263714
42.2	-0.05119777640829213
42.3	-0.049931703840676696
42.4	-0.04861567187421146
42.5	-0.04725248807194745
42.6	-0.04584497686619363
42.7	-0.044395975277380574
42.8	-0.042908328686293476
42.9	-0.041384886665754524
43.0	-0.03982849887560497
43.1	-0.03824201102605068
43.2	-0.03662826091485906
43.3	-0.03499007454182555
43.4	-0.033330262305532744
43.5	-0.03165161528627336
43.6	-0.02995690161872808
43.7	-0.02824886295878558
43.8	-0.026530211047307604
43.9	-0.02480362437485573
44.0	-0.0230717449498405
44.1	-0.021337175173748498
44.2	-0.019602474825179895
44.3	-0.017870158155935102
44.4	-0.01614269110190915
44.5	-0.014422488609504383
44.6	-0.0127119120807007
44.7	-0.0110132669377
44.8	-0.009328800309084902
44.9	-0.007660698839223399
45.0	-0.006011086620897579
45.1	-0.004382023252227425
45.2	-0.0027755020203119136
45.3	-0.0011934482093121522
45.4	0.00036228246415252686
45.5	0.0018899052895152944
45.6	0.00338770787526959
45.7	0.004854051334394606
45.8	0.006287371345382469
45.9	0.007686179087810624
46.0	0.00904906205355148
46.1	0.010374684734631233
46.2	0.01166178918874259
46.3	0.012909195484001573
46.4	0.014115802024142076
46.5	0.015280585755033237
46.6	0.016402602255372652
46.7	0.0174809857133244
46.8	0.018514948789476033
46.9	0.019503782370372747
47.0	0.020446855213664614
47.1	0.021343613486793513
47.2	0.022193580203432612
47.3	0.02299635455835139
47.4	0.02375161116417138
47.5	0.024459099193307385
47.6	0.025118641427249875
47.7	0.025730133216061095
47.8	0.02629354135159071
47.9	0.026808902857640232
48.0	0.027276323699317873
48.1	0.02769597741620019
48.2	0.028068103681298192
48.3	0.02839300678952985
48.4	0.02867105408005623
48.5	0.028902674294537696
48.6	0.02908835587552966
48.7	0.029228645208301155
48.8	0.02932414480976391
48.9	0.02937551146781753
49.0	0.02938345433473075
49.1	0.029348732978268097
49.2	0.02927215539392157
49.3	0.02915457598174399
49.4	0.02899689349148376
49.5	0.028800048939707286
49.6	0.028565023501782614
49.7	0.028292836382927643
49.8	0.02798454267143609
49.9	0.027641231177279842
50.0	0.02726402225993636
50.1	0.02685406564850758
50.2	0.026412538257469857
50.3	0.02594064200109195
50.4	0.02543960161009902
50.5	0.02491066245366309
50.6	0.02435508836906973
50.7	0.02377415950330889
50.8	0.023169170168495422
50.9	0.02254142671416042
51.0	0.02189224541973907
51.1	0.02122295040938392
51.2	0.020534871592042394
51.3	0.01982934262923724
51.4	0.019107698932913357
51.5	0.018371275696060996
51.6	0.017621405958003135
51.7	0.01685941870685933
51.8	0.016086637021261153
51.9	0.015304376252876584
52.0	0.014513942252466397
52.1	0.013716629640681079
52.2	0.012913720125483313
52.3	0.012106480867902829
52.4	0.011296162897478984
52.5	0.010483999579175368
52.6	0.009671205132676712
52.7	0.008858973205514452
52.8	0.008048475501386172
52.9	0.007240860463975514
53.0	0.006437252017961367
53.1	0.005638748367996231
53.2	0.004846420855599716
53.3	0.004061312875756015
53.4	0.003284438852684526
53.5	0.0025167832759869775
53.6	0.0017592997972645317
53.7	0.0010129103872935806
53.8	0.00027850455413878613
53.9	-0.0004430613778971295
54.0	-0.0011509649279323915
54.1	-0.0018444180582286125
54.2	-0.0025226677124711347
54.3	-0.003184996293915826
54.4	-0.003830722083884722
54.5	-0.004459199600357193
54.6	-0.0050698198976846034
54.7	-0.005662010807954969
54.8	-0.0062352371244354205
54.9	-0.006789000728035952
55.0	-0.007322840657850587
55.1	-0.007836333126033457
55.2	-0.008329091478674118
55.3	-0.00880076610293382
55.4	-0.009251044282140554
55.5	-0.009679650000022038
55.6	-0.010086343694218592
55.7	-0.010470921961821998
55.8	-0.010833217217159186
55.9	-0.011173097303284439
56.0	-0.011490465059132949
56.1	-0.011785257843038901
56.2	-0.012057447014527548
56.3	-0.01230703737562789
56.4	-0.012534066573508905
56.5	-0.012738604465682993
56.6	-0.012920752449454256
56.7	-0.013080642757292432
56.8	-0.01321843771976801
56.9	-0.013334328997645365
57.0	-0.013428536784616094
57.1	-0.013501308982761797
57.2	-0.013552920351992707
57.3	-0.013583671635454396
57.4	-0.013593888662516486
57.5	-0.013583921430877612
57.6	-0.013554143169839888
57.7	-0.01350494938607674
57.8	-0.01343675689390524
57.9	-0.013350002831482109
58.0	-0.013245143664771888
58.1	-0.013122654180970326
58.2	-0.01298302647286774
58.3	-0.01282676891604934
58.4	-0.012654405140158925
58.5	-0.012466472996310197
58.6	-0.012263523521947081
58.7	-0.012046119904524137
58.8	-0.011814836445965022
58.9	-0.011570257529164359
59.0	-0.01131297658792879
59.1	-0.01104359508191121
59.2	-0.010762721477962828
59.3	-0.010470970239226917
59.4	-0.010168960823305718
59.5	-0.009857316690834105
59.6	-0.00953666432560682
59.7	-0.009207632267755056
59.8	-0.008870850160819186
59.9	-0.008526947814110723
60.0	-0.00817655428137672
60.1	-0.007820296956659006
60.2	-0.007458800688776016
60.3	-0.007092686914960508
60.4	-0.006722572814792987
60.5	-0.0063490704853031675
60.6	-0.005972786137954163
60.7	-0.005594319318407502
60.8	-0.005214262149943347
60.9	-0.004833198600810241
61.0	-0.004451703776371964
61.1	-0.004070343236968807
61.2	-0.003689672341457064
61.3	-0.003310235617303496
61.4	-0.002932566157619992
61.5	-0.0025571850454895045
61.6	-0.0021846008058570856
61.7	-0.0018153088856171645
61.8	-0.0014497911618743461
61.9	-0.0010885154784904452
62.0	-0.0007319352115440641
62.1	-0.00038048886347629747
62.2	-3.45996859770444e-5
62.3	0.00030532466807826225
62.4	0.0006388924638529525
62.5	0.0009657281749522387
62.6	0.0012854727449819372
62.7	0.0015977838205272616
62.8	0.001902335955662775
62.9	0.002198820788096615
63.0	0.002486947187353265
63.1	0.00276644137523218
63.2	0.003037047018765103
63.3	0.003298525296046034
63.4	0.003550654935479476
63.5	0.0037932322286436736
63.6	0.004026071017235311
63.7	0.004249002654797956
63.8	0.004461875943424043
63.9	0.004664557046270223
64.0	0.004856929376128595
64.1	0.00503889346085579
64.2	0.005210366786275473
64.3	0.005371283617009867
64.4	0.005521594795979121
64.5	0.005661267523374649
64.6	0.005790285115574576
64.7	0.005908646744748172
64.8	0.006016367160060034
64.9	0.006113476390932324
65.0	0.006200019433301292
65.1	0.006276055919613568
65.2	0.006341659773198375
65.3	0.006396918847945985
65.4	0.006441934554023222
65.5	0.0064768214703663
65.6	0.00650170694481341
65.7	0.006516730682720594
65.8	0.006522044324720477
65.9	0.006517811014521925
66.0	0.006504204957658529
66.1	0.006481410971743425
66.2	0.006449624029232143
66.3	0.006409048793500767
66.4	0.006359899148868053
66.5	0.0063023977254772785
66.6	0.0062367754198703095
66.7	0.006163270911917506
66.8	0.00608213017886517
66.9	0.005993606007404653
67.0	0.005897957504332286
67.1	0.005795449606694292
67.2	0.005686352592040607
67.3	0.005570941589491213
67.4	0.0054494960924263616
67.5	0.005322299473345594
67.6	0.005189638501690024
67.7	0.005051802865161185
67.8	0.004909084695242737
67.9	0.004761778097603301
68.0	0.004610178687792733
68.1	0.004454583133034882
68.2	0.004295288700497362
68.3	0.004132592812704088
68.4	0.003966792610583479
68.5	0.0037981845245707037
68.6	0.003627063854430912
68.7	0.003453724358053229
68.8	0.0032784578497837965
68.9	0.003101553808728743
69.0	0.0029232989972970583
69.1	0.002743977090563383
69.2	0.00256386831656874
69.3	0.0023832491080372467
69.4	0.002202391765825647
69.5	0.002021564134315063
69.6	0.0018410292890156576
69.7	0.0016610452366865951
69.8	0.001481864628137984
69.9	0.0013037344839334818
70.0	0.0011268959331069298
70.1	0.000951583965135423
70.2	0.0007780271952861937
70.3	0.000606447643315583
70.4	0.0004370605258135362
70.5	0.0002700740620610894
70.6	0.00010568929356447047
70.7	-5.590008273382013e-5
70.8	-0.00021450786760464946
70.9	-0.0003699554990232193
71.0	-0.0005220721780076055
71.1	-0.0006706949809582033
71.2	-0.0008156689585281048
71.3	-0.0009568472210300949
71.4	-0.001094091010626681
71.5	-0.0012272697603749455
71.6	-0.0013562611402258024
71.7	-0.0014809510902384518
71.8	-0.001601233841126648
71.9	-0.0017170119222980707
72.0	-0.0018281961576633453
72.1	-0.001934705649424478
72.2	-0.002036467750049
72.3	-0.002133418022700237
72.4	-0.002225500190348593
72.5	-0.002312666073892907
72.6	-0.002394875519591378
72.7	-0.002472096315984806
72.8	-0.0025443041007336595
72.9	-0.0026114822576197086
73.0	-0.0026736218040882445
73.1	-0.0027307212696020423
73.2	-0.0027827865651888777
73.3	-0.0028298308445045993
73.4	-0.002871874356792953
73.5	-0.002908944292083267
73.6	-0.0029410746189476966
73.7	-0.0029683059152676113
73.8	-0.0029906851923553455
73.9	-0.003008265712719029
74.0	-0.0030211068019760667
74.1	-0.003029273655240413
74.2	-0.003032837138308166
74.3	-0.0030318735841200982
74.4	-0.0030264645848208276
74.5	-0.0030166967797947055
74.6	-0.0030026616401024886
74.7	-0.002984455249672121
74.8	-0.0029621780835834173
74.9	-0.002935934783874189
75.0	-0.0029058339332529632
75.1	-0.00287198782698836
75.2	-0.002834512243465231
75.3	-0.0027935262136812187
75.4	-0.0027491517900562526
75.5	-0.002701513814930046
75.6	-0.0026507396890662702
75.7	-0.0025969591405057384
75.8	-0.0025403039940995633
75.9	-0.002480907942082004
76.0	-0.0024189063159062822
76.1	-0.002354435859770097
76.2	-0.002287634506063473
76.3	-0.0022186411530241705
76.4	-0.002147595444935821
76.5	-0.002074637555103367
76.6	-0.001999907971897558
76.7	-0.0019235472881028338
76.8	-0.0018456959938409985
76.9	-0.0017664942732968703
77.0	-0.0016860818054890894
77.1	-0.0016045975692808908
77.2	-0.0015221796528656773
77.3	-0.0014389650679263039
77.4	-0.0013550895686052467
77.5	-0.001270687475561818
77.6	-0.0011858915052030308
77.7	-0.0011008326042470599
77.8	-0.0010156397898383313
77.9	-0.0009304399952698256
78.0	-0.0008453579214826037
78.1	-0.0007605158944491133
78.2	-0.00067603372852722
78.3	-0.0005920285959128451
78.4	-0.000508614902235426
78.5	-0.0004259041683946479
78.6	-0.00034400491872619107
78.7	-0.0002630225754598304
78.8	-0.00018305935960176165
78.9	-0.0001042141982562882
79.0	-2.658263834911205e-5
79.1	4.9743233149726326e-5
79.2	0.00012467486256829
79.3	0.00019812729642166064
79.4	0.0002700192418326098
79.5	0.000340273120590578
79.6	0.0004088151168103169
79.7	0.00047557521822725967
79.8	0.0005404872512670329
79.9	0.0006034889098442684
80.0	0.0006645217780381577
80.1	0.0007235313466805992
80.2	0.0007804670239237928
80.3	0.0008352821399404004
80.4	0.0008879339457961669
80.5	0.0009383836066139791
80.6	0.000986596189146174
80.7	0.001032540643882816
80.8	0.0010761897818033364
80.9	0.0011175202458940613
81.0	0.001156512477561521
81.1	0.0011931506781304511
81.2	0.0012274227655093258
81.3	0.0012593203261995734
81.4	0.0012888385627849732
81.5	0.0013159762370850631
81.6	0.0013407356091234323
81.7	0.0013631223720430659
81.8	0.001383145583165338
81.9	0.0014008175913758302
82.0	0.0014161539609599514
82.1	0.0014291733921063788
82.2	0.0014398976382389902
82.3	0.001448351420324891
82.4	0.0014545623383973945
82.5	0.001458560780420491
82.6	0.0014603798286866674
82.7	0.001460055163958289
82.8	0.0014576249674805547
82.9	0.0014531298210848597
83.0	0.0014466126055663726
83.1	0.0014381183974767823
83.2	0.0014276943645416887
83.3	0.001415389659883136
83.4	0.001401255315200446
83.5	0.001385344133092298
83.6	0.0013677105787069763
83.7	0.0013484106708664774
83.8	0.0013275018728479092
83.9	0.0013050429829971626
84.0	0.0012810940253099436
84.1	0.0012557161401561409
84.2	0.0012289714753142477
84.3	0.001200923077455878
84.4	0.0011716347842264645
84.5	0.0011411711170887793
84.6	0.001109597175046327
84.7	0.0010769785294194201
84.8	0.001043381119770001
84.9	0.0010088711511358416
85.0	0.0009735149926966705
85.1	0.0009373790779818122
85.2	0.000900529806747986
85.3	0.000863033448643512
85.4	0.0008249560487540065
85.5	0.0007863633351572664
85.6	0.0007473206285653217
85.7	0.0007078927541463005
85.8	0.0006681439556595803
85.9	0.0006281378119103426
86.0	0.0005879371556888443
86.1	0.0005476039952183496
86.2	0.0005071994381784097
86.3	0.000466783618406895
86.4	0.00042641562530014145
86.5	0.0003861534359969041
86.6	0.0003460538503810083
86.7	0.0003061724289459761
86.8	0.0002665634335731395
86.9	0.0002272797712284382
87.0	0.00018837294067451798
87.1	0.00014989298214531253
87.2	0.00011188843002795134
87.3	7.44062686277896e-5
87.4	3.749189093329756e-5
87.5	1.1890604444379813e-6
87.6	-3.446012393482048e-5
87.7	-6.941525997703972e-5
87.8	-0.00010363767114660819
87.9	-0.000137090432587271
88.0	-0.00016973839410296354
88.1	-0.00020154820014998804
88.2	-0.00023248830682890778
88.3	-0.0002625289959448835
88.4	-0.00029164238616567983
88.5	-0.0003198024412906535
88.6	-0.00034698497568308895
88.7	-0.00037316765689493405
88.8	-0.000398330005562908
88.9	-0.0004224533925735686
89.0	-0.00044552103360324843
89.1	-0.0004675179810419753
89.2	-0.0004884311133909863
89.3	-0.0005082491221719269
89.4	-0.0005269624964327672
89.5	-0.0005445635048935954
89.6	-0.0005610461758114082
89.7	-0.0005764062746370607
89.8	-0.0005906412795257363
89.9	-0.0006037503547801452
90.0	-0.0006157343223035721
90.1	-0.0006265956311375635
90.2	-0.0006363383251619804
90.3	-0.0006449680090313348
90.4	-0.0006524918124475099
90.5	-0.0006589183528231974
90.6	-0.0006642576964406257
90.7	-0.0006685213181841117
90.8	-0.0006717220599175935
90.9	-0.0006738740876088307
91.0	-0.0006749928472804198
91.1	-0.0006750950198609803
91.2	-0.0006741984750382372
91.3	-0.000672322224190996
91.4	-0.0006694863724839675
91.5	-0.0006657120702140683
91.6	-0.0006610214634850622
91.7	-0.0006554376443061256
91.8	-0.0006489846001871394
91.9	-0.0006416871633189836
92.0	-0.0006335709594171863
92.1	-0.0006246623563104527
92.2	-0.0006149884123540594
92.3	-0.0006045768247460744
92.4	-0.0005934558778223366
92.5	-0.0005816543914144024
92.6	-0.0005692016693285979
92.7	-0.0005561274480277936
92.8	-0.0005424618456031986
92.9	-0.0005282353110724057
93.0	-0.0005134785740953953
93.1	-0.0004982225951761804
93.2	-0.0004824985163954934
93.3	-0.00046633761275630733
93.4	-0.0004497712441936036
93.5	-0.0004328308083011885
93.6	-0.0004155476938473796
93.7	-0.0003979532351227155
93.8	-0.0003800786671648229
93.9	-0.0003619550819264541
94.0	-0.0003436133854280736
94.1	-0.0003250842559355906
94.2	-0.0003063981032044843
94.3	-0.0002875850288407984
94.4	-0.0002686747878159696
94.5	-0.0002496967511614107
94.6	-0.00023067986987068006
94.7	-0.00021165264008114485
94.8	-0.00019264306951315578
94.9	-0.00017367864521441057
95.0	-0.00015478630264305088
95.1	-0.00013599239609500698
95.2	-0.00011732267050962185
95.3	-9.880223465246823e-5
95.4	-8.045553570853415e-5
95.5	-6.230633528539855e-5
95.6	-4.4377686839123274e-5
95.7	-2.6691914540074217e-5
95.8	-9.270593568763234e-6
95.9	7.865468141331695e-6
96.0	2.4696246729281142e-5
96.1	4.120251777794883e-5
96.2	5.736587024686516e-5
96.3	7.31687189899844e-5
96.4	8.859431582156198e-5
96.5	0.00010362675918718903
96.6	0.00011825100241545431
96.7	0.0001324528605766089
96.8	0.000146219015968592
96.9	0.00015953702223739247
97.0	0.0001723953071554309
97.1	0.00018478317406475772
97.2	0.00019669080202821634
97.3	0.00020810924470079768
97.4	0.00021903042793360885
97.5	0.0002294471461539404
97.6	0.00023935305754457973
97.7	0.0002487426780407053
97.8	0.0002576113741864192
97.9	0.00026595535487177136
98.0	0.0002737716619912607
98.1	0.0002810581600448249
98.2	0.0002878135247308673
98.3	0.00029403723054599205
98.4	0.0002997295374469025
98.5	0.0003048914765978352
98.6	0.0003095248352449773
98.7	0.00031363214075552035
98.8	0.00031721664385098635
98.9	0.00032028230109379765
99.0	0.00032283375664438703
99.1	0.0003248763233357846
99.2	0.00032641596311462384
99.3	0.0003274592668708678
99.4	0.0003280134337124547
99.5	0.0003280862497167842
99.6	0.00032768606619778986
99.7	0.00032682177753486135
99.8	0.00032550279860250913
99.9	0.00032373904183489354
100.0	0.00032154089396992715
100.1	0.0003189191925168217
100.2	0.0003158852019739608
100.3	0.00031245058984897476
100.4	0.00030862740251284083
100.5	0.0003044280409263514
100.6	0.00029986523627938496
100.7	0.00029495202557804854
100.8	0.0002897017272162939
100.9	0.00028412791656708553
101.0	0.00027824440163475944
101.1	0.0002720651987905266
101.2	0.0002656045086354893
101.3	0.00025887669202797524
101.4	0.00025189624628832945
101.5	0.000244677781630767
101.6	0.00023723599785069687
101.7	0.00022958566128513226
101.8	0.00022174158208954108
101.9	0.00021371859184981067
102.0	0.00020553152155508122
102.1	0.00019719517996530822
102.2	0.00018872433239134736
102.3	0.00018013367991220658
102.4	0.00017143783905811463
102.5	0.00016265132196673673
102.6	0.0001537885170524063
102.7	0.00014486367018727854
102.8	0.00013589086643446354
102.9	0.00012688401232556503
103.0	0.00011785681872386621
103.1	0.00010882278426695
103.2	9.97951794144289e-5
103.3	9.078703111471257e-5
103.4	8.18111080894895e-5
103.5	7.287990676159192e-5
103.6	6.400563782933437e-5
103.7	5.520021348707096e-5
103.8	4.647523531549365e-5
103.9	3.784198283622808e-5
104.0	2.9311402739226887e-5
104.1	2.08940987824201e-5
104.2	1.2600322374712697e-5
104.3	4.4399638388004505e-6
104.4	-3.5774556450857307e-6
104.5	-1.14427914176203e-5
104.6	-1.914728203385834e-5
104.7	-2.6682555282905435e-5
104.8	-3.4040633532999633e-5
104.9	-4.1213938401193685e-5
105.0	-4.819529476666171e-5
105.1	-5.497793411942424e-5
105.2	-6.155549725379805e-5
105.3	-6.792203632447056e-5
105.4	-7.407201625900709e-5
105.5	-8.00003155456381e-5
105.6	-8.57022264097208e-5
105.7	-9.117345436857144e-5
105.8	-9.64101172057066e-5
105.9	-0.0001014087433545869
106.0	-0.0001061662697120688
106.1	-0.00011068003889615288
106.2	-0.00011494779595993765
106.3	-0.00011896768457230595
106.4	-0.00012273824269089673
106.5	-0.0001262583977313546
106.6	-0.00012952746125612877
106.7	-0.00013254512319384214
106.8	-0.0001353114456110156
106.9	-0.0001378268560524457
107.0	-0.0001400921404591396
107.1	-0.00014210843569612084
107.2	-0.00014387722169341595
107.3	-0.0001454003132329945
107.4	-0.00014667985138364098
107.5	-0.00014771829461551154
107.6	-0.0001485184096120592
107.7	-0.00014908326178491744
107.8	-0.0001494162055285943
107.9	-0.00014952087422217433
108.0	-0.00014940117000400782
108.1	-0.00014906125332739373
108.2	-0.00014850553233256315
108.3	-0.00014773865203857424
108.4	-0.00014676548338329973
108.5	-0.00014559111212856894
108.6	-0.00014422082764380627
108.7	-0.00014266011159391845
108.8	-0.00014091462654644386
108.9	-0.00013899020451262268
109.0	-0.00013689283544830838
109.1	-0.00013462865572506916
109.2	-0.00013220393659049514
109.3	-0.0001296250726370791
109.4	-0.00012689857029277485
109.5	-0.00012403103635578034
109.6	-0.0001210291665818135
109.7	-0.00011789973434272003
109.8	-0.00011464957937557866
109.9	-0.00011128559662907167
110.0	-0.00010781472523213885
110.1	-0.00010424393758778718
110.2	-0.00010058022861351742
110.3	-9.683060513826211e-5
110.4	-9.30020754700458e-5
110.5	-8.910163914435016e-5
110.6	-8.51362768685784e-5
110.7	-8.111294066876168e-5
110.8	-7.703854425445107e-5
110.9	-7.291995360918482e-5
111.0	-6.876397781507533e-5
111.1	-6.457736012552502e-5
111.2	-6.036676929060618e-5
111.3	-5.613879114218761e-5
111.4	-5.189992045075324e-5
111.5	-4.765655305960123e-5
111.6	-4.3414978302007094e-5
111.7	-3.918137170481245e-5
111.8	-3.4961787989936424e-5
111.9	-3.0762154377147745e-5
112.0	-2.658826418613657e-5
112.1	-2.244577075141388e-5
112.2	-1.834018164757476e-5
112.3	-1.427685323019401e-5
112.4	-1.0260985489588726e-5
112.5	-6.297617230199181e-6
112.6	-2.391621565095677e-6
112.7	1.4522982666602136e-6
112.8	5.229612759159804e-6
112.9	8.935969679379427e-6
113.0	1.2567197284872504e-5
113.1	1.6119307221884674e-5
113.2	1.9588497102373722e-5
113.3	2.297115276811256e-5
113.4	2.6263850237998224e-5
113.5	2.9463357340045275e-5
113.6	3.256663504317782e-5
113.7	3.5570838475854706e-5
113.8	3.8473317646173995e-5
113.9	4.127161786494047e-5
114.0	4.396347987830514e-5
114.1	4.6546839707427186e-5
114.2	4.9019828214233956e-5
114.3	5.138077038326026e-5
114.4	5.362818433424306e-5
114.5	5.5760780075828316e-5
114.6	5.7777457993580926e-5
114.7	5.96773070919437e-5
114.8	6.145960299272728e-5
114.9	6.312380569200778e-5
115.0	6.466955709196592e-5
115.1	6.609667830888465e-5
115.2	6.740516676877222e-5
115.3	6.859519309357318e-5
115.4	6.966709779592714e-5
115.5	7.062138777651065e-5
115.6	7.145873264935486e-5
115.7	7.217996088626865e-5
115.8	7.278605580300636e-5
115.9	7.327815138959152e-5
116.0	7.365752799237519e-5
116.1	7.392560786061808e-5
116.2	7.408395056472871e-5
116.3	7.413424829546716e-5
116.4	7.407832104997621e-5
116.5	7.391811172072235e-5
116.6	7.365568108772027e-5
116.7	7.329320273098833e-5
116.8	7.283295786491596e-5
116.9	7.227733010883951e-5
117.0	7.162880020130405e-5
117.1	7.08899406634413e-5
117.2	7.00634104253819e-5
117.3	6.915194941969965e-5
117.4	6.815837315425346e-5
117.5	6.708556726703284e-5
117.6	6.593648207983989e-5
117.7	6.471412714858855e-5
117.8	6.342156582743256e-5
117.9	6.206190984984355e-5
118.0	6.063831393528762e-5
118.1	5.915397042113853e-5
118.2	5.7612103948348244e-5
118.3	5.6015966183021954e-5
118.4	5.436883059292836e-5
118.5	5.2673987290832607e-5
118.6	5.093473793782253e-5
118.7	4.915439072313186e-5
118.8	4.7336255422583395e-5
118.9	4.548363854296904e-5
119.0	4.359983855407577e-5
119.1	4.168814122031636e-5
119.2	3.975181503072497e-5
119.3	3.7794106736499404e-5
119.4	3.581823699663877e-5
119.5	3.382739614460386e-5
119.6	3.182474006566228e-5
119.7	2.981338620268052e-5
119.8	2.7796409687983797e-5
119.9	2.577683960503617e-5
120.0	2.375765538174388e-5
120.1	2.1741783321533604e-5
120.2	1.973209327466659e-5
120.3	1.7731395445211533e-5
120.4	1.574243734984778e-5
120.5	1.3767900913854161e-5
120.6	1.1810399718317126e-5
120.7	9.872476395444821e-6
120.8	7.956600171307847e-6
120.9	6.065164561728633e-6
121.0	4.20048521765111e-6
121.1	2.364797923217541e-6
121.2	5.602567445376848e-7
121.3	-1.2110676684518008e-6
121.4	-2.9471896291688136e-6
121.5	-4.646209811465776e-6
121.6	-6.30631649146878e-6
121.7	-7.925786647060062e-6
121.8	-9.502986900524674e-6
121.9	-1.1036374320108955e-5
122.0	-1.2524497072203813e-5
122.1	-1.3965994929015708e-5
122.2	-1.5359599636543795e-5
122.3	-1.670413513811161e-5
122.4	-1.7998517661413016e-5
122.5	-1.9241755671617035e-5
122.6	-2.0432949684015852e-5
122.7	-2.1571291953188215e-5
122.8	-2.2656066029661232e-5
122.9	-2.368664619293809e-5
123.0	-2.4662496760712316e-5
123.1	-2.5583171280778283e-5
123.2	-2.644831160420114e-5
123.3	-2.7257646849749674e-5
123.4	-2.8010992256950292e-5
123.5	-2.87082479336231e-5
123.6	-2.934939750344471e-5
123.7	-2.9934506653385683e-5
123.8	-3.0463721589846746e-5
123.9	-3.093726740190201e-5
124.0	-3.135544633991316e-5
124.1	-3.171863601262554e-5
124.2	-3.2027287502411835e-5
124.3	-3.228192341331705e-5
124.4	-3.248313584294525e-5
124.5	-3.263158429229803e-5
124.6	-3.2727993512987754e-5
124.7	-3.277315129735331e-5
124.8	-3.2767906215694404e-5
124.9	-3.271316530716617e-5
125.0	-3.2609891720819166e-5
125.1	-3.245910232214237e-5
125.2	-3.2261865260445516e-5
125.3	-3.20192975060389e-5
125.4	-3.173256235651604e-5
125.5	-3.140286692393052e-5
125.6	-3.10314595994229e-5
125.7	-3.061962750417767e-5
125.8	-3.0168693928305744e-5
125.9	-2.968001575981187e-5
126.0	-2.9154980915680515e-5
126.1	-2.8595005767067782e-5
126.2	-2.8001532571889602e-5
126.3	-2.73760269161722e-5
126.4	-2.671997516022398e-5
126.5	-2.603488190871744e-5
126.6	-2.5322267491876606e-5
126.7	-2.458366547126927e-5
126.8	-2.3820620168309128e-5
126.9	-2.303468422436348e-5
127.0	-2.2227416188768716e-5
127.1	-2.14003781403038e-5
127.2	-2.0555133349692696e-5
127.3	-1.9693243976045353e-5
127.4	-1.8816268810947965e-5
127.5	-1.7925761064144857e-5
127.6	-1.702326619502593e-5
127.7	-1.6110319800135358e-5
127.8	-1.5188445544304808e-5
127.9	-1.4259153151986575e-5
128.0	-1.332393645242578e-5
128.1	-1.238427148032827e-5
128.2	-1.1441614639276966e-5
128.3	-1.0497400924522278e-5
128.4	-9.553042208708469e-6
128.5	-8.609925591305171e-6
128.6	-7.669411814827653e-6
128.7	-6.732833747186326e-6
128.8	-5.801494927745763e-6
128.9	-4.876668187128326e-6
129.0	-3.95959433350612e-6
129.1	-3.051480908221265e-6
129.2	-2.1535010148188313e-6
129.3	-1.2667922148193055e-6
129.4	-3.92455499152633e-7
129.5	4.684456729291246e-7
129.6	1.3148862588814638e-6
129.7	2.1458804504019486e-6
129.8	2.960482417211045e-6
129.9	3.757786980041854e-6
130.0	4.536930209651157e-6
130.1	5.297089961320579e-6
130.2	6.037486332020706e-6
130.3	6.7573820514748595e-6
130.4	7.456082805990159e-6
130.5	8.132937488348637e-6
130.6	8.78733838604788e-6
130.7	9.418721300020653e-6
130.8	1.0026565596989595e-5
130.9	1.061039420043139e-5
131.0	1.1169773513449301e-5
131.1	1.170431328611283e-5
131.2	1.2213666414829675e-5
131.3	1.2697528689218549e-5
131.4	1.3155638473786687e-5
131.5	1.3587776341330952e-5
131.6	1.399376464210476e-5
131.7	1.4373467027591822e-5
131.8	1.4726787918380588e-5
131.9	1.5053671922550482e-5
132.0	1.5354103206986566e-5
132.1	1.56281048188308e-5
132.2	1.5875737967404666e-5
132.3	1.6097101258969192e-5
132.4	1.6292329892532748e-5
132.5	1.646159481528161e-5
132.6	1.6605101840035883e-5
132.7	1.6723090731825592e-5
132.8	1.681583425610037e-5
132.9	1.6883637197515195e-5
133.0	1.6926835351389796e-5
133.1	1.694579448314798e-5
133.2	1.694090926729591e-5
133.3	1.691260219873119e-5
133.4	1.6861322488084024e-5
133.5	1.6787544930099874e-5
133.6	1.669176876380544e-5
133.7	1.6574516508845772e-5
133.8	1.6436332792863725e-5
133.9	1.6277783168002343e-5
134.0	1.609945291411676e-5
134.1	1.5901945837598217e-5
134.2	1.568588306329051e-5
134.3	1.5451901824272968e-5
134.4	1.5200654244631942e-5
134.5	1.4932806127633257e-5
134.6	1.4649035742296594e-5
134.7	1.4350032614427733e-5
134.8	1.403649632129334e-5
134.9	1.3709135295121395e-5
135.0	1.336866563243478e-5
135.1	1.3015809914519155e-5
135.2	1.2651296039253461e-5
135.3	1.227585606575383e-5
135.4	1.1890225074139593e-5
135.5	1.1495140038526535e-5
135.6	1.1091338721311612e-5
135.7	1.0679558580238523e-5
135.8	1.0260535701581493e-5
135.9	9.835003748169359e-6
136.0	9.40369293540629e-6
136.1	8.96732902521394e-6
136.2	8.526632347804054e-6
136.3	8.08231684577788e-6
136.4	7.635089147091858e-6
136.5	7.185647664721024e-6
136.6	6.734681721842634e-6
136.7	6.282870708826153e-6
136.8	5.8308832670713845e-6
136.9	5.379376503586102e-6
137.0	4.928995238607126e-6
137.1	4.480371281229879e-6
137.2	4.0341227385594485e-6
137.3	3.590853355553288e-6
137.4	3.1511518903954638e-6
137.5	2.7155915204330973e-6
137.6	2.28472928014835e-6
137.7	1.8591055363616882e-6
137.8	1.4392434932716856e-6
137.9	1.025648734048288e-6
138.0	6.188087949558749e-7
138.1	2.1919277297979728e-7
138.2	-1.7274903127570053e-7
138.3	-5.565854397819635e-7
138.4	-9.319046861877059e-7
138.5	-1.2983146736111987e-6
138.6	-1.6554431985010082e-6
138.7	-2.0029381412885503e-6
138.8	-2.3404676268766727e-6
138.9	-2.667720147561866e-6
139.0	-2.9844046610556742e-6
139.1	-3.290250648882089e-6
139.2	-3.585008151449585e-6
139.3	-3.8684477681900206e-6
139.4	-4.140360627563218e-6
139.5	-4.400558330154507e-6
139.6	-4.648872860897824e-6
139.7	-4.88515647428324e-6
139.8	-5.109281550924784e-6
139.9	-5.3211404279855965e-6
140.0	-5.5206452041253696e-6
140.1	-5.707727517971505e-6
140.2	-5.882338303147389e-6
140.3	-6.044447517105224e-6
140.4	-6.194043850920048e-6
140.5	-6.331134412481249e-6
140.6	-6.455744393145854e-6
140.7	-6.567916709915072e-6
140.8	-6.667711629262134e-6
140.9	-6.755206373858624e-6
141.0	-6.830494709940539e-6
141.1	-6.893686518068699e-6
141.2	-6.944907348333344e-6
141.3	-6.9842979611031854e-6
141.4	-7.012013851444698e-6
141.5	-7.028224763770503e-6
141.6	-7.033114191589633e-6
141.7	-7.026878867947304e-6
141.8	-7.00972824369808e-6
141.9	-6.981883958560981e-6
142.0	-6.943579301199545e-6
142.1	-6.895058665029989e-6
142.2	-6.836576994866818e-6
142.3	-6.768399229291996e-6
142.4	-6.69079973699253e-6
142.5	-6.6040617515182e-6
142.6	-6.50847680041832e-6
142.7	-6.404344135420759e-6
142.8	-6.291970158706275e-6
142.9	-6.1716678496114395e-6
143.0	-6.043756193665688e-6
143.1	-5.908559610084924e-6
143.2	-5.766407384341326e-6
143.3	-5.6176331006348245e-6
143.4	-5.462574081695964e-6
143.5	-5.301570829272798e-6
143.6	-5.134966473482182e-6
143.7	-4.963106224440948e-6
143.8	-4.78633683415673e-6
143.9	-4.605006063039105e-6
144.0	-4.419462156010627e-6
144.1	-4.230053324127763e-6
144.2	-4.03712724146551e-6
144.3	-3.841030545170799e-6
144.4	-3.6421083499893852e-6
144.5	-3.4407037715131395e-6
144.6	-3.237157461771863e-6
144.7	-3.031807157193988e-6
144.8	-2.8249872365667035e-6
144.9	-2.617028293971793e-6
145.0	-2.408256723806645e-6
145.1	-2.1989943201846762e-6
145.2	-1.9895578877716913e-6
145.3	-1.7802588697368555e-6
145.4	-1.5714029883402901e-6
145.5	-1.3632899000071432e-6
145.6	-1.1562128664928352e-6
145.7	-9.504584408243498e-7
145.8	-7.463061683116731e-7
145.9	-5.440283022119313e-7
146.0	-3.438895376353164e-7
146.1	-1.4614675748131068e-7
146.2	4.895120196780593e-8
146.3	2.4116377230005316e-7
146.4	4.302588569057819e-7
146.5	6.160130195188039e-7
146.6	7.982116566271009e-7
146.7	9.766491542638653e-7
146.8	1.1511290277700864e-6
146.9	1.3214640473584265e-6
147.0	1.4874763473809247e-6
147.1	1.6489975193081883e-6
147.2	1.805868690451167e-6
147.3	1.957940586098608e-6
147.4	2.105073577802698e-6
147.5	2.247137716589746e-6
147.6	2.3840127494896875e-6
147.7	2.5155881254019922e-6
147.8	2.6417629828985982e-6
147.9	2.762446126718624e-6
148.0	2.877555989540684e-6
148.1	2.987020579857163e-6
148.2	3.090777418362985e-6
148.3	3.18877346067021e-6
148.4	3.28096500678325e-6
148.5	3.3673176006511513e-6
148.6	3.4478059159275957e-6
148.7	3.5224136321051835e-6
148.8	3.5911332982444072e-6
148.9	3.6539661875046914e-6
149.0	3.710922140959161e-6
149.1	3.762019400816783e-6
149.2	3.8072844363845905e-6
149.3	3.84675175968937e-6
149.4	3.880463731957863e-6
149.5	3.9084703644638535e-6
149.6	3.930829108926129e-6
149.7	3.947604642938544e-6
149.8	3.958868647983679e-6
149.9	3.964699580657111e-6
150.0	3.965182438493555e-6
150.1	3.960408520640923e-6
150.2	3.950475183302977e-6
150.3	3.935485590711372e-6
150.4	3.915548461246514e-6
150.5	3.89077781231608e-6
150.6	3.861292698916882e-6
150.7	3.827216952200987e-6
150.8	3.788678913549762e-6
150.9	3.745811168391159e-6
151.0	3.6987502776628605e-6
151.1	3.6476365084968377e-6
151.2	3.592613564183785e-6
151.3	3.533828314296561e-6
151.4	3.4714305243140113e-6
151.5	3.4055725859062063e-6
151.6	3.336409248973611e-6
151.7	3.264097354054539e-6
151.8	3.1887955670633153e-6
151.9	3.1106641151885496e-6
152.0	3.029864526388321e-6
152.1	2.9465593710474643e-6
152.2	2.860912005913085e-6
152.3	2.7730863229538793e-6
152.4	2.6832465001289897e-6
152.5	2.591556757984125e-6
152.6	2.4981811192330754e-6
152.7	2.403283173203646e-6
152.8	2.3070258452059804e-6
152.9	2.209571170322839e-6
153.0	2.111080074148123e-6
153.1	2.011712156751639e-6
153.2	1.91162548422118e-6
153.3	1.8109763851820965e-6
153.4	1.7099192537343524e-6
153.5	1.6086063593779804e-6
153.6	1.5071876613611227e-6
153.7	1.4058106321733887e-6
153.8	1.3046200855708806e-6
153.9	1.2037580141046674e-6
154.0	1.103363430910733e-6
154.1	1.0035722196659995e-6
154.2	9.045169930882817e-7
154.3	8.063269565303183e-7
154.4	7.09127780422843e-7
154.5	6.130414795230815e-7
154.6	5.181862998517444e-7
154.7	4.2467661298628544e-7
154.8	3.326228179890614e-7
154.9	2.4213125082166187e-7
155.0	1.5330410098191704e-7
155.1	6.623933650299591e-8
155.2	-1.8969364630698002e-8
155.3	-1.0223267491103109e-7
155.4	-1.8346567080876294e-7
155.5	-2.625878782204527e-7
155.6	-3.395233111084092e-7
155.7	-4.1420050319691564e-7
155.8	-4.865525317614057e-7
155.9	-5.565170350257199e-7
156.0	-6.240362223922383e-7
156.1	-6.890568773737933e-7
156.2	-7.515303551342911e-7
156.3	-8.11412571537459e-7
156.4	-8.686639875214936e-7
156.5	-9.232495856065163e-7
156.6	-9.751388417935824e-7
156.7	-1.0243056898671242e-6
156.8	-1.0707284808764607e-6
156.9	-1.1143899366890844e-6
157.0	-1.1552770975302263e-6
157.1	-1.193381264702845e-6
157.2	-1.2286979379321634e-6
157.3	-1.261226747932317e-6
157.4	-1.2909713832738227e-6
157.5	-1.317939514003309e-6
157.6	-1.342142709587118e-6
157.7	-1.3635963532658552e-6
157.8	-1.3823195523142404e-6
157.9	-1.3983350440987993e-6
158.0	-1.4116690991263504e-6
158.1	-1.422351420143724e-6
158.2	-1.4304150381049887e-6
158.3	-1.4358962055845002e-6
158.4	-1.4388342864803263e-6
158.5	-1.4392716441551893e-6
158.6	-1.4372535264359735e-6
158.7	-1.4328279487660805e-6
158.8	-1.4260455755215352e-6
158.9	-1.416959599175884e-6
159.0	-1.4056256184336655e-6
159.1	-1.3921015141786405e-6
159.2	-1.3764473254535575e-6
159.3	-1.3587251237107803e-6
159.4	-1.3389988860765032e-6
159.5	-1.317334368932865e-6
159.6	-1.2937989806501299e-6
159.7	-1.2684616542701131e-6
159.8	-1.2413927199524105e-6
159.9	-1.212663777791357e-6
160.0	-1.1823475715109684e-6
160.1	-1.150517862187371e-6
160.2	-1.1172493027904806e-6
160.3	-1.0826173136368068e-6
160.4	-1.0466979590843939e-6
160.5	-1.0095678255103538e-6
160.6	-9.71303900452284e-7
160.7	-9.319834534510157e-7
160.8	-8.916839188141179e-7
160.9	-8.504827793922062e-7
161.0	-8.084574535156219e-7
161.1	-7.656851830783339e-7
161.2	-7.222429244392844e-7
161.3	-6.782072412741471e-7
161.4	-6.336542001726982e-7
161.5	-5.886592684051825e-7
161.6	-5.432972151453944e-7
161.7	-4.976420146269064e-7
161.8	-4.517667526408173e-7
161.9	-4.0574353600592224e-7
162.0	-3.5964340467791077e-7
162.1	-3.135362471513618e-7
162.2	-2.6749071939479357e-7
162.3	-2.2157416662893506e-7
162.4	-1.7585254835501094e-7
162.5	-1.3039036685671744e-7
162.6	-8.52505995829157e-8
162.7	-4.049463364344036e-8
162.8	3.817794963238403e-9
162.9	4.762865892070904e-8
163.0	9.088169397782458e-8
163.1	1.3352244977221192e-7
163.2	1.7549833692545248e-7
163.3	2.1675867048857812e-7
163.4	2.5725471021648366e-7
163.5	2.969396969253525e-7
163.6	3.3576888562973493e-7
163.7	3.7369957486182353e-7
163.8	4.106911329255011e-7
163.9	4.467050199704466e-7
164.0	4.817048075634217e-7
164.1	5.156561939003065e-7
164.2	5.48527016267221e-7
164.3	5.802872599200858e-7
164.4	6.109090639972431e-7
164.5	6.403667235986041e-7
164.6	6.686366891726437e-7
164.7	6.956975625138934e-7
164.8	7.215300901401431e-7
164.9	7.461171529871329e-7
165.0	7.69443753644145e-7
165.1	7.914970006855154e-7
165.2	8.122660900348855e-7
165.3	8.317422838354323e-7
165.4	8.499188863408998e-7
165.5	8.667912178575779e-7
165.6	8.823565856233299e-7
165.7	8.96614252424312e-7
165.8	9.095654033794154e-7
165.9	9.212131098454849e-7
166.0	9.315622916040941e-7
166.1	9.406196770619054e-7
166.2	9.483937613677084e-7
166.3	9.548947626785253e-7
166.4	9.601345769077355e-7
166.5	9.641267304477342e-7
166.6	9.668863319437195e-7
166.7	9.6843002187013e-7
166.8	9.687759215345703e-7
166.9	9.67943580173573e-7
167.0	9.659539214217034e-7
167.1	9.62829188282292e-7
167.2	9.585928875721173e-7
167.3	9.532697331343569e-7
167.4	9.468855886281054e-7
167.5	9.394674094180363e-7
167.6	9.310431840327088e-7
167.7	9.216418749779639e-7
167.8	9.1129335943907e-7
167.9	9.000283696248325e-7
168.0	8.878784328770264e-7
168.1	8.74875811346541e-7
168.2	8.610534424484025e-7
168.3	8.464448787290927e-7
168.4	8.310842281910142e-7
168.5	8.150060945548918e-7
168.6	7.982455183965771e-7
168.7	7.808379183441714e-7
168.8	7.628190326704536e-7
168.9	7.442248615449167e-7
169.0	7.250916103033419e-7
169.1	7.054556327564495e-7
169.2	6.8535337577478e-7
169.3	6.648213244984275e-7
169.4	6.438959487350473e-7
169.5	6.226136497757652e-7
169.6	6.010107090043343e-7
169.7	5.791232368704335e-7
169.8	5.569871234108905e-7
169.9	5.346379901665587e-7
170.0	5.121111426940691e-7
170.1	4.894415249946435e-7
170.2	4.666636748185909e-7
170.3	4.438116808371442e-7
170.4	4.20919140849901e-7
170.5	3.9801912149460557e-7
170.6	3.751441195595996e-7
170.7	3.5232602464555934e-7
170.8	3.29596083743286e-7
170.9	3.0698486690600474e-7
171.0	2.8452223482077123e-7
171.1	2.622373077910876e-7
171.2	2.4015843652793646e-7
171.3	2.1831317451653337e-7
171.4	1.967282519526194e-7
171.5	1.754295514469809e-7
171.6	1.5444208529127e-7
171.7	1.337899745125005e-7
171.8	1.1349642953842349e-7
171.9	9.358373239726351e-8
172.0	7.40732208813733e-8
172.1	5.498527405409148e-8
172.2	3.6339299747763026e-8
172.3	1.815372325276818e-8
172.4	4.459780472649421e-10
172.5	-1.6767502025094167e-8
172.6	-3.3471289111880603e-8
172.7	-4.965096591144758e-8
172.8	-6.529312874605022e-8
172.9	-8.038538919810708e-8
173.0	-9.491637419049597e-8
173.1	-1.0887572448646514e-7
173.2	-1.2225409195030486e-7
173.3	-1.3504313514931403e-7
173.4	-1.4723551375777194e-7
173.5	-1.5882488147923426e-7
173.6	-1.6980587776796285e-7
173.7	-1.8017411802570235e-7
173.8	-1.8992618293137734e-7
173.9	-1.9905960625633325e-7
174.0	-2.0757286147136097e-7
174.1	-2.154653475098598e-7
174.2	-2.2273737324730953e-7
174.3	-2.293901408455813e-7
174.4	-2.3542572831330785e-7
174.5	-2.4084707086720287e-7
174.6	-2.4565794170018675e-7
174.7	-2.4986293146485166e-7
174.8	-2.5346742721439943e-7
174.9	-2.5647759048615024e-7
175.0	-2.5890033467488e-7
175.1	-2.6074330157228177e-7
175.2	-2.620148374629078e-7
175.3	-2.6272396846173143e-7
175.4	-2.628803753928183e-7
175.5	-2.624943681173401e-7
175.6	-2.6157685940294377e-7
175.7	-2.601393383500317e-7
175.8	-2.581938436030801e-7
175.9	-2.5575293601218283e-7
176.0	-2.528296711701866e-7
176.1	-2.494375716078906e-7
176.2	-2.455905990048634e-7
176.3	-2.413031260065974e-7
176.4	-2.3658990804025825e-7
176.5	-2.314660551958334e-7
176.6	-2.2594700391125466e-7
176.7	-2.200484887199676e-7
176.8	-2.1378651410471439e-7
176.9	-2.0717732657200944e-7
177.0	-2.0023738660884852e-7
177.1	-1.9298334099103317e-7
177.2	-1.8543199536221228e-7
177.3	-1.77600286857413e-7
177.4	-1.695052572967097e-7
177.5	-1.611640264627201e-7
177.6	-1.5259376588583827e-7
177.7	-1.4381167293662645e-7
177.8	-1.348349453272657e-7
177.9	-1.2568075623565726e-7
178.0	-1.1636622963939905e-7
178.1	-1.069084163563195e-7
178.2	-9.732427056846482e-8
178.3	-8.763062689502953e-8
178.4	-7.784417799613829e-8
178.5	-6.798145280707052e-8
178.6	-5.8058795537684916e-8
178.7	-4.809234504728095e-8
178.8	-3.809801511562865e-8
178.9	-2.809147520321322e-8
179.0	-1.8088132135710125e-8
179.1	-8.103112261094406e-9
179.2	1.8487554851365588e-9
179.3	1.1752955945021677e-8
179.4	2.1595303218540314e-8
179.5	3.13619554909761e-8
179.6	4.103942898196155e-8
179.7	5.0614611270714687e-8
179.8	6.007477372903028e-8
179.9	6.940758322660996e-8
180.0	7.860111306046693e-8
180.1	8.764385304920697e-8
180.2	9.652471890648376e-8
180.3	1.0523306082043069e-7
180.4	1.1375867117184435e-7
180.5	1.220917915712471e-7
180.6	1.3022311905335082e-7
180.7	1.3814381155389226e-7
180.8	1.4584549252703658e-7
180.9	1.533202549192426e-7
181.0	1.6056066433297104e-7
181.1	1.675597614051111e-7
181.2	1.743110635487434e-7
181.3	1.808085658564754e-7
181.4	1.8704674142762237e-7
181.5	1.9302054085522925e-7
181.6	1.9872539115008396e-7
181.7	2.0415719385937962e-7
181.8	2.093123226910662e-7
181.9	2.141876203789432e-7
182.0	2.1878039489043415e-7
182.1	2.2308841514036222e-7
182.2	2.2710990607266246e-7
182.3	2.308435431034223e-7
182.4	2.342884460510437e-7
182.5	2.374441725538636e-7
182.6	2.403107109435557e-7
182.7	2.4288847258317974e-7
182.8	2.4517828380476324e-7
182.9	2.4718137727843666e-7
183.0	2.488993830915873e-7
183.1	2.5033431924531217e-7
183.2	2.5148858191443403e-7
183.3	2.5236493513544594e-7
183.4	2.529665003627411e-7
183.5	2.532967455569654e-7
183.6	2.533594739694686e-7
183.7	2.531588126610854e-7
183.8	2.5269920076876037e-7
183.9	2.519853775102399e-7
184.0	2.5102236994431807e-7
184.1	2.498154805600295e-7
184.2	2.4837027471092283e-7
184.3	2.46692567793789e-7
184.4	2.447884123906353e-7
184.5	2.42664085229778e-7
184.6	2.4032607411599336e-7
184.7	2.3778106473858515e-7
184.8	2.3503592739539396e-7
184.9	2.3209770375996376e-7
185.0	2.2897359360339115e-7
185.1	2.2567094149003263e-7
185.2	2.2219722354553864e-7
185.3	2.185600342410612e-7
185.4	2.1476707324995355e-7
185.5	2.1082613236679522e-7
185.6	2.067450825751564e-7
185.7	2.0253186114389446e-7
185.8	1.981944589428229e-7
185.9	1.9374090787166498e-7
186.0	1.891792684255589e-7
186.1	1.8451761746705667e-7
186.2	1.7976403621771435e-7
186.3	1.7492659840194486e-7
186.4	1.7001335860136529e-7
186.5	1.6503234096582792e-7
186.6	1.5999152803611802e-7
186.7	1.548988498293664e-7
186.8	1.497621733059763e-7
186.9	1.4458929201961667e-7
187.0	1.3938791606062386e-7
187.1	1.3416566235570508e-7
187.2	1.2893004524959883e-7
187.3	1.2368846734844385e-7
187.4	1.1844821075964854e-7
187.5	1.1321642866278552e-7
187.6	1.0800013716751216e-7
187.7	1.0280620753020264e-7
187.8	9.764135875772286e-8
187.9	9.251215049802815e-8
188.0	8.742497638429645e-8
188.1	8.238605759340648e-8
188.2	7.74014369547978e-8
188.3	7.24769732305041e-8
188.4	6.761833597640054e-8
188.5	6.283100048015921e-8
188.6	5.8120243435658355e-8
188.7	5.34911386155586e-8
188.8	4.894855323961945e-8
188.9	4.4497144415614805e-8
189.0	4.0141356257799655e-8
189.1	3.5885417005850196e-8
189.2	3.173333688222089e-8
189.3	2.768890598440231e-8
189.4	2.3755692786111736e-8
189.5	1.9937042764903635e-8
189.6	1.6236077618934587e-8
189.7	1.2655694567586313e-8
189.8	9.198566198033784e-9
189.9	5.867140508121895e-9
190.0	2.6636413763991927e-9
190.1	-4.099307578745182e-10
190.2	-3.3517977718947334e-9
190.3	-6.160402591330761e-9
190.4	-8.83440746861655e-9
190.5	-1.1372692110044375e-8
190.6	-1.3774351368493424e-8
190.7	-1.6038692854134816e-8
190.8	-1.8165234053051556e-8
190.9	-2.0153699428194792e-8
191.0	-2.200401706502898e-8
191.1	-2.371631525233469e-8
191.2	-2.5290918666873415e-8
191.3	-2.672834450559485e-8
191.4	-2.8029298247923193e-8
191.5	-2.9194669382743333e-8
191.6	-3.0225526785620216e-8
191.7	-3.1123114037350166e-8
191.8	-3.188884449561584e-8
191.9	-3.252429629093187e-8
192.0	-3.303120701151446e-8
192.1	-3.341146849624785e-8
192.2	-3.366712123989186e-8
192.3	-3.38003488787928e-8
192.4	-3.381347243355083e-8
192.5	-3.3708944552043436e-8
192.6	-3.34893435698709e-8
192.7	-3.315736759452221e-8
192.8	-3.2715828423891575e-8
192.9	-3.2167645488990125e-8
193.0	-3.151583969024734e-8
193.1	-3.076352723684163e-8
193.2	-2.991391340579497e-8
193.3	-2.8970286345768553e-8
193.4	-2.79360108183329e-8
193.5	-2.681452196222755e-8
193.6	-2.5609319088923342e-8
193.7	-2.4323959429242357e-8
193.8	-2.296205196942771e-8
193.9	-2.1527251303890502e-8
194.0	-2.0023251506525465e-8
194.1	-1.8453780101263464e-8
194.2	-1.6822592040405123e-8
194.3	-1.513346377820068e-8
194.4	-1.3390187426473425e-8
194.5	-1.1596564943226427e-8
194.6	-9.756402482841833e-9
194.7	-7.873504791484868e-9
194.8	-5.9516697036066265e-9
194.9	-3.994682763465604e-9
195.0	-2.0063119595935337e-9
195.1	9.697430789857557e-12
195.2	2.049627875523281e-9
195.3	4.1097944753111964e-9
195.4	6.18654973410013e-9
195.5	8.276288179747899e-9
195.6	1.0375450845952712e-8
195.7	1.2480529612157982e-8
195.8	1.4588071375295488e-8
195.9	1.6694682092108192e-8
196.0	1.8797030646118677e-8
196.1	2.0891852555655402e-8
196.2	2.2975953528123036e-8
196.3	2.5046212837959034e-8
196.4	2.709958655590969e-8
196.5	2.913311057890952e-8
196.6	3.114390352977701e-8
196.7	3.3129169454862214e-8
196.8	3.508620035564167e-8
196.9	3.701237855397427e-8
197.0	3.890517888256803e-8
197.1	4.076217070731673e-8
197.2	4.258101974860816e-8
197.3	4.4359489786877886e-8
197.4	4.609544413164956e-8
197.5	4.7786846959364055e-8
197.6	4.943176447207898e-8
197.7	5.102836588583615e-8
197.8	5.2574924252892865e-8
197.9	5.406981711110632e-8
198.0	5.5511526991896786e-8
198.1	5.689864173305499e-8
198.2	5.8229854670916625e-8
198.3	5.950396463859846e-8
198.4	6.07198758473161e-8
198.5	6.187659758453578e-8
198.6	6.297324379793017e-8
198.7	6.400903249572599e-8
198.8	6.498328503776698e-8
198.9	6.589542527955755e-8
199.0	6.674497858386915e-8
199.1	6.75315706959753e-8
199.2	6.825492650321564e-8
199.3	6.891486865929661e-8
199.4	6.951131610771385e-8
199.5	7.004428248615168e-8
199.6	7.051387440998736e-8
199.7	7.092028966588794e-8
199.8	7.126381530198134e-8
199.9	7.154482561254996e-8
200.0	7.17637800505635e-8
200.1	7.192122103369008e-8
200.2	7.201777168525904e-8
200.3	7.205413349179859e-8
200.4	7.203108388081348e-8
200.5	7.194947374284922e-8
200.6	7.181022488942477e-8
200.7	7.161432744823483e-8
200.8	7.136283720753209e-8
200.9	7.105687291859594e-8
201.0	7.0697613539872e-8
201.1	7.028629545944582e-8
201.2	6.982420967455948e-8
201.3	6.931269894145277e-8
201.4	6.875315491154911e-8
201.5	6.814701522791426e-8
201.6	6.749576062587635e-8
201.7	6.680091201435169e-8
201.8	6.606402754797302e-8
201.9	6.528669970347356e-8
202.0	6.447055235502409e-8
202.1	6.361723785790421e-8
202.2	6.272843413176581e-8
202.3	6.180584178981734e-8
202.4	6.085118124011981e-8
202.5	5.986618985677492e-8
202.6	5.8852619132887424e-8
202.7	5.781223190285528e-8
202.8	5.674679957093029e-8
202.9	5.565809939245669e-8
203.0	5.4547911773448986e-8
203.1	5.341801765444386e-8
203.2	5.22701958866448e-8
203.3	5.110622070988406e-8
203.4	4.992785923526218e-8
203.5	4.8736869019085356e-8
203.6	4.7534995681247884e-8
203.7	4.632397057591987e-8
203.8	4.510550853283625e-8
203.9	4.388130566092911e-8
204.0	4.26530372191171e-8
204.1	4.142235555389791e-8
204.2	4.0190888103115015e-8
204.3	3.8960235486099045e-8
204.4	3.773196964016502e-8
204.5	3.6507632063111095e-8
204.6	3.5288732100393164e-8
204.7	3.4076745344587015e-8
204.8	3.287311207197673e-8
204.9	3.167923579507346e-8
205.0	3.049648186480077e-8
205.1	2.932617617712112e-8
205.2	2.8169603940633598e-8
205.3	2.702800854059585e-8
205.4	2.5902590469420583e-8
205.5	2.479450634993432e-8
205.6	2.3704868034176076e-8
205.7	2.2634741786021873e-8
205.8	2.1585147540164933e-8
205.9	2.0557058245243225e-8
206.0	1.9551399285750663e-8
206.1	1.8569047980694443e-8
206.2	1.7610833169063767e-8
206.3	1.667753486293739e-8
206.4	1.5769883981708612e-8
206.5	1.4888562162655086e-8
206.6	1.4034201649534771e-8
206.7	1.3207385245626322e-8
206.8	1.2408646350462172e-8
206.9	1.163846905697092e-8
207.0	1.089728833043642e-8
207.1	1.0185490239664625e-8
207.2	9.503412271604883e-9
207.3	8.8513436999906e-9
207.4	8.229526020636923e-9
207.5	7.638153444032149e-9
207.6	7.07737345876446e-9
207.7	6.5472874427395864e-9
207.8	6.047951330920217e-9
207.9	5.579376343902164e-9
208.0	5.1415297540089735e-9
208.1	4.734335727067124e-9
208.2	4.357676181404525e-9
208.3	4.0113917145761916e-9
208.4	3.6952825615247746e-9
208.5	3.4091096052412e-9
208.6	3.1525954147053525e-9
208.7	2.925425326808344e-9
208.8	2.7272485578134228e-9
208.9	2.5576793595448743e-9
209.0	2.416298190079709e-9
209.1	2.3026529176001955e-9
209.2	2.2162600574877754e-9
209.3	2.1566060263882957e-9
209.4	2.1231484167932785e-9
209.5	2.1153172917395896e-9
209.6	2.132516498389641e-9
209.7	2.1741249910109657e-9
209.8	2.2394981785464238e-9
209.9	2.3279692663823484e-9
210.0	2.438850611565529e-9
210.1	2.5714350978317293e-9
210.2	2.72499749460912e-9
210.3	2.8987958232051337e-9
210.4	3.0920727353353993e-9
210.5	3.3040568745921136e-9
210.6	3.533964238552288e-9
210.7	3.780999540803152e-9
210.8	4.044357555719363e-9
210.9	4.323224458304442e-9
211.0	4.616779155559379e-9
211.1	4.924194596535676e-9
211.2	5.244639075838981e-9
211.3	5.577277521935222e-9
211.4	5.92127275307055e-9
211.5	6.275786729180592e-9
211.6	6.639981776723968e-9
211.7	7.013021792512473e-9
211.8	7.394073420453012e-9
211.9	7.782307209799179e-9
212.0	8.17689873753119e-9
212.1	8.577029713793567e-9
212.2	8.981889051048245e-9
212.3	9.39067390861061e-9
212.4	9.802590704359853e-9
212.5	1.0216856094609969e-8
212.6	1.0632697922574988e-8
212.7	1.1049356133330893e-8
212.8	1.1466083655807863e-8
212.9	1.1882147250873243e-8
213.0	1.2296828319883674e-8
213.1	1.2709423682181698e-8
213.2	1.3119246317199393e-8
213.3	1.352562606426177e-8
213.4	1.392791029002522e-8
213.5	1.4325464519638715e-8
213.6	1.4717673027075052e-8
213.7	1.5103939386615498e-8
213.8	1.5483686993300487e-8
213.9	1.5856359536735482e-8
214.0	1.6221421445593453e-8
214.1	1.65783582865801e-8
214.2	1.6926677130454783e-8
214.3	1.7265906882705284e-8
214.4	1.7595598565298826e-8
214.5	1.7915325575464413e-8
214.6	1.822468389821057e-8
214.7	1.852329228737417e-8
214.8	1.881079240727262e-8
214.9	1.90868489392696e-8
215.0	1.935114965647508e-8
215.1	1.9603405457697946e-8
215.2	1.984335037203609e-8
215.3	2.0070741528680956e-8
215.4	2.02853590933305e-8
215.5	2.048700617439684e-8
215.6	2.0675508691965667e-8
215.7	2.0850715224084238e-8
215.8	2.101249681858512e-8
215.9	2.1160746774671407e-8
216.0	2.1295380398132804e-8
216.1	2.1416334730667182e-8
216.2	2.152356824850027e-8
216.3	2.161706053823154e-8
216.4	2.1696811948269612e-8
216.5	2.1762843214796723e-8
216.6	2.1815195065970208e-8
216.7	2.1853927802517844e-8
216.8	2.1879120861417177e-8
216.9	2.1890872355681313e-8
217.0	2.188929859736376e-8
217.1	2.1874533601257456e-8
217.2	2.1846728576095456e-8
217.3	2.1806051392393353e-8
217.4	2.1752686043058217e-8
217.5	2.1686832085967598e-8
217.6	2.1608704078244083e-8
217.7	2.151853099188915e-8
217.8	2.141655562706753e-8
217.9	2.130303401001824e-8
218.0	2.1178234784518033e-8
218.1	2.1042438597423513e-8
218.2	2.089593747712494e-8
218.3	2.0739034202885496e-8
218.4	2.057204167565317e-8
218.5	2.039528228445246e-8
218.6	2.0209087266161016e-8
218.7	2.0013796065729834e-8
218.8	1.9809755702238827e-8
218.9	1.9597320124339238e-8
219.0	1.937684957654943e-8
219.1	1.9148709962434405e-8
219.2	1.891327221354578e-8
219.3	1.8670911661603535e-8
219.4	1.842200741546612e-8
219.5	1.816694174280183e-8
219.6	1.7906099460836408e-8
219.7	1.7639867333478524e-8
219.8	1.7368633473008556e-8
219.9	1.7092786755099165e-8
220.0	1.6812716241913912e-8
220.1	1.652881061307364e-8
220.2	1.6241457610384048e-8
220.3	1.5951043492494574e-8
220.4	1.565795250087883e-8
220.5	1.5362566338900613e-8
220.6	1.506526366434933e-8
220.7	1.4766419594420319e-8
220.8	1.4466405226218244e-8
220.9	1.416558716991676e-8
221.0	1.3864327097877512e-8
221.1	1.3562981308764593e-8
221.2	1.3261900306242801e-8
221.3	1.2961428395686591e-8
221.4	1.2661903295008107e-8
221.5	1.2363655763744922e-8
221.6	1.206700924727394e-8
221.7	1.1772279539275673e-8
221.8	1.1479774459884313e-8
221.9	1.1189793551644074e-8
222.0	1.0902627794996812e-8
222.1	1.0618559337412812e-8
222.2	1.0337861243541441e-8
222.3	1.0060797260546527e-8
222.4	9.787621602992602e-9
222.5	9.518578753676948e-9
222.6	9.25390328392113e-9
222.7	8.993819689295915e-9
222.8	8.738542244854667e-9
222.9	8.488274876636717e-9
223.0	8.24321105014982e-9
223.1	8.003533677045565e-9
223.2	7.769415037645355e-9
223.3	7.541016720829124e-9
223.4	7.318489580770883e-9
223.5	7.1019737092325875e-9
223.6	6.891598423682581e-9
223.7	6.687482272652458e-9
223.8	6.489733054316266e-9
223.9	6.29844785297933e-9
224.0	6.113713087686266e-9
224.1	5.935604577470366e-9
224.2	5.7641876196409005e-9
224.3	5.59951708199116e-9
224.4	5.441637509036803e-9
224.5	5.290583239674693e-9
224.6	5.146378540467021e-9
224.7	5.00903774699445e-9
224.8	4.878565421307737e-9
224.9	4.754956516726156e-9
225.0	4.638196557656083e-9
225.1	4.528261824396531e-9
225.2	4.425119554306363e-9
225.3	4.328728147245348e-9
225.4	4.239037383264022e-9
225.5	4.155988646736047e-9
225.6	4.079515160778378e-9
225.7	4.009542227095897e-9
225.8	3.945987473472365e-9
225.9	3.8887611090872326e-9
226.0	3.837766185711448e-9
226.1	3.7928988626308904e-9
226.2	3.754048678966181e-9
226.3	3.721098830286084e-9
226.4	3.6939264481123854e-9
226.5	3.6724028842381123e-9
226.6	3.6563939984385027e-9
226.7	3.6457604487139266e-9
226.8	3.640357982823324e-9
226.9	3.6400377339390512e-9
227.0	3.644646515017283e-9
227.1	3.654027116204773e-9
227.2	3.6680186010264533e-9
227.3	3.6864566051515355e-9
227.4	3.7091736318599456e-9
227.5	3.735999347432189e-9
227.6	3.766760877159737e-9
227.7	3.801283097495858e-9
227.8	3.8393889282485856e-9
227.9	3.8808996199925025e-9
228.0	3.9256350409156885e-9
228.1	3.973413958948311e-9
228.2	4.024054321118515e-9
228.3	4.0773735292355025e-9
228.4	4.13318871135059e-9
228.5	4.191316988047523e-9
228.6	4.251575734522689e-9
228.7	4.313782838156216e-9
228.8	4.377756949815923e-9
228.9	4.443317729076943e-9
229.0	4.510286085962008e-9
229.1	4.578484413428455e-9
229.2	4.647736815909587e-9
229.3	4.717869329621654e-9
229.4	4.788710138270172e-9
229.5	4.8600897785308166e-9
229.6	4.9318413427911125e-9
229.7	5.003800669803311e-9
229.8	5.075806531990567e-9
229.9	5.1477008123772406e-9
230.0	5.219328675556117e-9
230.1	5.290538729948103e-9
230.2	5.3611831830325665e-9
230.3	5.431117987137071e-9
230.4	5.500202978804835e-9
230.5	5.56830200946665e-9
230.6	5.635283067195523e-9
230.7	5.70101839210389e-9
230.8	5.765384581545041e-9
230.9	5.828262688638708e-9
231.0	5.8895383115392616e-9
231.1	5.949101675542446e-9
231.2	6.006847706309448e-9
231.3	6.0626760953975724e-9
231.4	6.116491357742995e-9
231.5	6.168202880733299e-9
231.6	6.217724965925514e-9
231.7	6.26497686239967e-9
231.8	6.309882793212057e-9
231.9	6.352371973360595e-9
232.0	6.392378620871717e-9
232.1	6.429841959808864e-9
232.2	6.4647062168551485e-9
232.3	6.4969206100055524e-9
232.4	6.5264393308345654e-9
232.5	6.5532215193543284e-9
232.6	6.577231233286421e-9
232.7	6.5984374092876205e-9
232.8	6.616813819273947e-9
232.9	6.632339019250306e-9
233.0	6.644996293704089e-9
233.1	6.654773592657998e-9
233.2	6.6616634645356336e-9
233.3	6.665662982267177e-9
233.4	6.666773665898216e-9
233.5	6.66500139798901e-9
233.6	6.660356336529192e-9
233.7	6.652852821421738e-9
233.8	6.642509278435533e-9
233.9	6.629348117238219e-9
234.0	6.6133956267199486e-9
234.1	6.594681866030816e-9
234.2	6.573240552856078e-9
234.3	6.549108947261629e-9
234.4	6.522327733907131e-9
234.5	6.492940900603827e-9
234.6	6.4609956150150215e-9
234.7	6.426542097323445e-9
234.8	6.3896334934749564e-9
234.9	6.350325744231775e-9
235.0	6.308677453382761e-9
235.1	6.26474975536835e-9
235.2	6.21860617958712e-9
235.3	6.170312515961014e-9
235.4	6.1199366784475155e-9
235.5	6.067548568078203e-9
235.6	6.013219935680284e-9
235.7	5.9570242449731435e-9
235.8	5.899036534465358e-9
235.9	5.8393332807300325e-9
236.0	5.77799226206114e-9
236.1	5.715092421853043e-9
236.2	5.65071373323425e-9
236.3	5.5849370654226e-9
236.4	5.517844049390586e-9
236.5	5.449516947068568e-9
236.6	5.380038520225501e-9
236.7	5.3094919024114815e-9
236.8	5.237960471116142e-9
236.9	5.165527723662566e-9
237.0	5.092277153433603e-9
237.1	5.018292130147379e-9
237.2	4.943655780816193e-9
237.3	4.86845087432762e-9
237.4	4.792759707738377e-9
237.5	4.716663997021914e-9
237.6	4.64024476775119e-9
237.7	4.563582251714264e-9
237.8	4.486755784846739e-9
237.9	4.409843708923329e-9
238.0	4.332923275509032e-9
238.1	4.2560705550720725e-9
238.2	4.179360347732138e-9
238.3	4.102866098088079e-9
238.4	4.026659813706865e-9
238.5	3.950811986897715e-9
238.6	3.8753915201070185e-9
238.7	3.800465655123778e-9
238.8	3.726099905514311e-9
238.9	3.6523579936772946e-9
239.0	3.5793017906421156e-9
239.1	3.5069912598199173e-9
239.2	3.435484405179372e-9
239.3	3.364837222662641e-9
239.4	3.295103654849712e-9
239.5	3.226335550561175e-9
239.6	3.158582627404291e-9
239.7	3.091892438006745e-9
239.8	3.0263103408410052e-9
239.9	2.9618794734219362e-9
240.0	2.898640730271676e-9
240.1	2.8366327440139057e-9
240.2	2.775891870115048e-9
240.3	2.7164521752335676e-9
240.4	2.658345429103607e-9
240.5	2.6016010997988327e-9
240.6	2.546246352197706e-9
240.7	2.492306050287474e-9
240.8	2.4398027620921785e-9
240.9	2.388756768412736e-9
241.0	2.339186074247241e-9
241.1	2.2911064235798724e-9
241.2	2.2445313168505383e-9
241.3	2.1994720314516666e-9
241.4	2.1559376453659266e-9
241.5	2.1139350627610695e-9
241.6	2.0734690431870456e-9
241.7	2.034542232543341e-9
241.8	1.9971551968979307e-9
241.9	1.9613064586011483e-9
242.0	1.9269925346926685e-9
242.1	1.8942079772352153e-9
242.2	1.8629454163822436e-9
242.3	1.8331956045311e-9
242.4	1.80494746321699e-9
242.5	1.7781881311307005e-9
242.6	1.7529030141483591e-9
242.7	1.7290758369085438e-9
242.8	1.7066886956702687e-9
242.9	1.6857221129546994e-9
243.0	1.666155092845365e-9
243.1	1.6479651781415974e-9
243.2	1.631128507905652e-9
243.3	1.6156198763949493e-9
243.4	1.60141279280158e-9
243.5	1.5884795416740795e-9
243.6	1.5767912438878172e-9
243.7	1.5663179184394066e-9
243.8	1.5570285443619813e-9
243.9	1.5488911233070896e-9
244.0	1.541872742249226e-9
244.1	1.53593963634388e-9
244.2	1.5310572517478645e-9
244.3	1.527190308802532e-9
244.4	1.524302864753572e-9
244.5	1.5223583762087022e-9
244.6	1.5213197618461414e-9
244.7	1.521149463998361e-9
244.8	1.5218095104593663e-9
244.9	1.523261575491561e-9
245.0	1.5254670400473273e-9
245.1	1.5283870515748078e-9
245.2	1.5319825830229068e-9
245.3	1.5362144908950224e-9
245.4	1.54104357257236e-9
245.5	1.5464306225296805e-9
245.6	1.5523364875974954e-9
245.7	1.5587221211163602e-9
245.8	1.5655486360870976e-9
245.9	1.5727773568148028e-9
246.0	1.5803698696381555e-9
246.1	1.5882880721627963e-9
246.2	1.5964942212203664e-9
246.3	1.6049509794466618e-9
246.4	1.61362151321456e-9
246.5	1.622469266795922e-9
246.6	1.6314586070550208e-9
246.7	1.6405540339900402e-9
246.8	1.6497211080298687e-9
246.9	1.6589255994622085e-9
247.0	1.6681344121921888e-9
247.1	1.6773147562655366e-9
247.2	1.6864349604648535e-9
247.3	1.6954638076228517e-9
247.4	1.7043712301041245e-9
247.5	1.7131276445902846e-9
247.6	1.7217047524477166e-9
247.7	1.730074704561029e-9
247.8	1.738211011984373e-9
247.9	1.7460876783495434e-9
248.0	1.7536801069199276e-9
248.1	1.7609642296340089e-9
248.2	1.7679173579890167e-9
248.3	1.7745175780430887e-9
248.4	1.7807440482663569e-9
248.5	1.7865769519180165e-9
248.6	1.7919975057128642e-9
248.7	1.7969879669206492e-9
248.8	1.8015316390225713e-9
248.9	1.8056128756903182e-9
249.0	1.8092170831379664e-9
249.1	1.8123307209616235e-9
249.2	1.814941301493787e-9
249.3	1.8170373877040633e-9
249.4	1.818608589533139e-9
249.5	1.8196455588810536e-9
249.6	1.82013998319655e-9
249.7	1.820084577711482e-9
249.8	1.819473076349095e-9
249.9	1.8183002213225766e-9
250.0	1.8165617515267503e-9
